740 201706594969460000 626214
725 201708760828360000 8166
510 201708431298670000 190362
309 201719367690500000 91770
281 201722940331530000 134603
259 201712171955130000 538844
259 201705158734910000 10935
229 201707721681150000 14039
194 201712684813660000 51460
172 200795178326440000 711367
165 201713126108970000 170403
148 201711823228110000 6920
137 200869838485340000 164482
135 201727362449150000 69133
123 201709494164660000 9570
121 200774439628050000 7555
111 201707604181920000 5142
93 201705004787180000 8307
89 201710926121010000 79663
88 201710428248740000 5457
82 201706038867660000 9688
79 201711549486870000 61338
79 201706104433030000 66199
77 201705830196850000 259846
75 201730216375240000 40900
75 201711707687620000 2848
75 201706285723430000 4460
74 201711857311030000 43645
73 200785726344930000 69810
71 201719503929870000 22954
71 201708766410970000 4336
63 201710003118290000 24650
59 201726283112130000 331122
58 200769411949400000 55464
57 201719271863230000 120685
56 200769960144930000 48524
55 201705607676430000 27370
51 201713288621470000 31205
51 200787946515860000 11712
48 201711166823740000 3141
47 201709450074140000 220184
44 201709036364770000 26958
38 200784402358350000 14799
37 201719089566190000 78728
36 201710469990460000 11331
35 201730967008850000 11167
35 201713777723450000 9066
35 200791473338320000 6544
33 201705927408240000 6802
32 201713539797350000 22289
32 201710129505250000 94731
31 201704818979510000 4261
28 201708332933840000 3518
27 201705431347900000 18850
27 200866504139470000 61281
26 201705339995960000 25794
25 201713769662010000 7762
24 201714140073570000 354
24 200865134749560000 25969
22 201720559086740000 19897
22 201709013015070000 825
22 201711093452780000 5508
20 201706404891990000 2101
20 201706824246890000 10651
20 201705908542250000 56893
19 201707817097380000 5848
18 201709750105280000 3047
17 201708649385700000 142378
17 200876606091300000 395
16 201707773308830000 4663
16 201705210358410000 408644
15 201717601959800000 14251
15 201711146670100000 175
15 201711575168590000 3889
15 201709882498480000 118834
15 201705584532270000 9580
14 201708638920900000 1639
14 201705206080210000 9020
13 201719100542690000 12996
13 201718696933210000 1154
13 201713068328240000 7134
13 201706376307810000 255037
13 201705914355550000 56853
13 200794033013010000 3120
13 200772831397680000 317
12 201723643003270000 477
12 201716753309500000 18073
12 201712190275850000 1013
12 201709254221120000 12989
12 201707088064420000 561
12 201708239879010000 2531
12 201705097003150000 153
12 200785565329790000 176579
12 200779439645260000 30266
11 201713102931250000 4209
11 201712233598810000 15724
11 201706135936430000 120
11 201709370734680000 18419
11 201708949408460000 113827
11 201705963709940000 178869
11 201705012257230000 8098
11 201705090464230000 2745
11 200780672820970000 1539
11 200777384180460000 429788
10 201719412892500000 3754
10 201717954642070000 14314
10 201711032899600000 3440
10 201710593026180000 5014
10 201708739647130000 20993
10 201706289779320000 1046
10 201704525134970000 153
10 201704613274070000 3996498
10 200850925055780000 1055
10 200847079021610000 2674
10 200781043480020000 2175
10 200777125819720000 740
9 201716543095180000 1122
9 201709686968430000 71844
9 201707209548250000 604
9 201707353068950000 664
9 200867711864150000 738
9 200788869363410000 792
8 201732573448260000 181046
8 201729731698230000 5605
8 201718302425360000 478
8 201718253557530000 10578
8 201717680527510000 38762
8 201715995243580000 5146
8 201715675797010000 19281
8 201714253575630000 2998
8 201709435868040000 711
8 201708102842720000 514
8 201706763299470000 6770
8 201706360218450000 7315
8 201705900967340000 8801
8 201705434728510000 48452
8 200868340724550000 1210
7 201728748456900000 316889
7 201722805203640000 31487
7 201718571280250000 167
7 201713378077580000 1035
7 201712466051340000 1406
7 201710136790750000 10065
7 201709144108050000 80
7 201707718149550000 2209
7 201704553568140000 1863
7 201704638339240000 271
7 201704467131930000 259
7 201704436505120000 12111
6 201712929131860000 1049
6 201712723577410000 42405
6 201712448175210000 1342
6 201708396431430000 231
6 201707485709610000 366
6 201706820157440000 70304
6 201705948585270000 1091
6 201706574148940000 1687
6 201705488793080000 9908
6 201704790663770000 605
6 200874309231710000 1662
6 200874104168000000 1121
6 200860688174960000 22817
6 200778010260030000 71459
5 201731948287230000 26771
5 201725800410640000 6000
5 201722782671840000 8198
5 201716084771000000 20397
5 201715012451050000 21748
5 201712870210270000 11390
5 201712975256630000 978
5 201712345062450000 11013
5 201711599881430000 1930
5 201709487449580000 226
5 201709835107050000 375
5 201709283035990000 8243
5 201707159707340000 974
5 201708076020140000 244
5 201707837196480000 4352
5 201707159308880000 10217
5 201707378591280000 42069
5 201706192374990000 252
5 201706850213820000 7496
5 201706600912790000 636
5 201704965067120000 1168
5 201705820721910000 43539
5 201705754569350000 17121
5 201704873392210000 11382
5 200857703910870000 529
5 200849778781860000 784
5 200849579778900000 25353
5 200781520653400000 2150
5 200778844037320000 371
5 200783802660950000 420
5 200781397978390000 1830
4 201724047132850000 23129
4 201725010505780000 411
4 201724558615650000 270
4 201718451277010000 3675
4 201717329560740000 11756
4 201716236520910000 16639
4 201713488660400000 1360
4 201712234156650000 570
4 201712204507130000 529
4 201708378991500000 259
4 201712637359300000 335
4 201711853280300000 209
4 201712099242680000 2168
4 201710600072590000 1603
4 201711649047060000 132
4 201711270766980000 451
4 201708384809000000 314
4 201710755547050000 1922
4 201709493426460000 608
4 201704861065150000 676
4 201705664672830000 375
4 201708125219340000 7685
4 201708868701660000 2218
4 201708652443340000 3709
4 201708708303080000 3265
4 201708571765910000 537
4 201706056945120000 19508
4 201708546147100000 1212
4 201707779029870000 4598
4 201707266183930000 223
4 201707446119570000 815
4 201705859775070000 1504
4 201706329751040000 105
4 201706032978870000 2487
4 201705749724940000 1365
4 201705480668710000 538
4 201704581141510000 1487
4 201704622228900000 863
4 200871925449370000 9
4 200865515311340000 174
4 200861190409310000 358
4 200850933725410000 3511
4 200845540114700000 4463
4 200784884887850000 9434
4 200787080316600000 363
4 200783356454110000 1002
4 200775125275120000 5122
4 200773544873960000 99
4 200770297014670000 4758
3 201735088805910000 104253
3 201729652245540000 467
3 201704880614820000 1833
3 201712484908940000 270
3 201727817795380000 134
3 201710147905650000 1571
3 201725450446310000 4281
3 201715187978470000 490
3 201723271920620000 858
3 201723182133170000 2270
3 201721834155150000 1386
3 201716886629660000 19719
3 201719443804530000 88
3 201719238380110000 311
3 201715817757430000 425
3 201718218384080000 87
3 201715889639410000 731
3 201717381209400000 2563
3 201715313484640000 157
3 201708059259700000 23394
3 201714842820810000 674
3 201714130682520000 348
3 201714552897930000 603
3 201711075534710000 1524
3 201713621087160000 234
3 201711917650290000 88
3 201713109524690000 371
3 201712596045410000 433
3 201712622104610000 10582
3 201712965639090000 409
3 201712179089640000 114
3 201711996201210000 1088
3 201710067790250000 390
3 201712041969460000 228
3 201711809034600000 10234
3 201709800776680000 1122
3 201711669834030000 4521
3 201708683422470000 187
3 201710702610750000 11004
3 201706635805210000 837
3 201710349009940000 130
3 201710365204160000 550
3 201705903311960000 1608
3 201708307818350000 1810
3 201710173352500000 118074
3 201709719268770000 144
3 201709838785450000 322
3 201710099499200000 535
3 201707542005560000 659
3 201708556788040000 26876
3 201708505021950000 1139
3 201708106424650000 336
3 200774268672430000 20720
3 201707617272340000 246
3 201708209768120000 23566
3 201707622959820000 334
3 201707764278500000 2269
3 201705645488090000 350
3 201707903550370000 229
3 201707870985780000 581
3 201707776991430000 3209
3 201707702076960000 495
3 201706496399110000 254
3 201705708717230000 2388
3 201706162511560000 284
3 201706567840710000 102
3 201706361850050000 86374
3 201706262172410000 7177
3 201706466338550000 166
3 201706296775410000 310
3 201706127333930000 709
3 201705355875590000 8484
3 201705059371850000 882
3 201705712861190000 1890
3 201705882780840000 212
3 201705830477860000 203
3 201705701716920000 722
3 201705182642450000 2110
3 201705190045400000 356
3 201705519298270000 446
3 201705312435180000 8809
3 201704988194500000 1838
3 201704950185730000 125
3 201704721252230000 1007
3 201704558873950000 279
3 200875356947870000 1368
3 200870163623580000 1596
3 200850619710440000 25593
3 200791719908880000 472
3 200856420952980000 14
3 200845922450680000 23
3 200795979308470000 786
3 200795096738830000 20706
3 200785108444250000 5
3 200790406349330000 346
3 200780395913030000 244
3 200784328240810000 2160
3 200782372428450000 280
3 200783825368910000 38130
3 200778742627430000 184
3 200774554048670000 6722
3 200774917615140000 578
3 200773973737350000 192
3 200771287155610000 287
2 201730314308030000 670
2 201727139786150000 3440
2 201726923309720000 205
2 201725040599900000 908
2 201724428697090000 28840
2 201723026147000000 304
2 201723502980630000 1494
2 201719974270730000 520
2 201721956226170000 1709
2 201721057617530000 1940
2 201721430126250000 693
2 201718690436230000 6823
2 201719219094700000 476
2 201719209997250000 7569
2 201718454988970000 610
2 201712475886980000 152
2 201718100473820000 302
2 201711530474090000 985
2 201715983264650000 471
2 201716888059920000 79125
2 201707159711520000 185
2 201707596552470000 196
2 201716235728200000 197
2 201715827106510000 186
2 201716092723400000 87
2 201715759725030000 158
2 201715824153720000 266
2 201715485790830000 48
2 201714969383930000 3529
2 201711774234450000 256
2 201713910502530000 737
2 201710832248300000 183
2 201712433574840000 1159
2 201714231064790000 762
2 201713246393210000 1298
2 201712175084090000 10786
2 201710002908570000 10440
2 201713500299600000 110
2 201707039242730000 16336
2 201713211077170000 495
2 201712414184570000 874
2 201712824278460000 342
2 201704654625710000 289
2 201707067369720000 289
2 201707755856340000 238
2 201711896867520000 9077
2 201710254357090000 197
2 201711165997450000 31885
2 201711200386560000 1742
2 201704650720820000 413
2 201710642351190000 192
2 201705846047130000 4014
2 200868393597940000 601
2 201708596378090000 7486
2 201708810069480000 286
2 201709481560780000 107
2 201709086633500000 846
2 201709335968100000 445
2 201709214471690000 15796
2 201709949720600000 152
2 201707136185660000 461
2 201709516444800000 479
2 201708203673790000 481
2 201708928566960000 157
2 201709085920470000 1368
2 201708059561690000 114
2 201708855254720000 4091
2 201705083795280000 205
2 201705666585440000 436
2 201707393577530000 177
2 201708635590640000 124
2 201708353766970000 583
2 201708303351430000 516
2 201708036312680000 345
2 201706945827190000 105
2 201706650267170000 3743
2 201707735996310000 1290
2 201707217987180000 1281
2 201708025042570000 861
2 201706899148780000 18005
2 201708032164500000 3599
2 201706886775580000 6674
2 201707573391530000 1335
2 201706797134910000 325
2 201707502226780000 99
2 201706691065150000 307
2 201707376888390000 147
2 201706791946560000 394
2 201706236431960000 391
2 201705313441810000 273
2 201707458484370000 111
2 201706038922200000 413
2 201706553106100000 206460
2 201706913048690000 1114
2 201705985339960000 193
2 201705197066650000 2154
2 201707048331770000 343
2 201707062642750000 39623
2 201706813278800000 434
2 201707062684680000 294
2 201705853374570000 521
2 201706725441680000 486
2 201706934645170000 410
2 201706651370260000 78
2 201706568184640000 596
2 201706240198460000 137
2 201705994181560000 370
2 201706657003220000 173
2 201705278440350000 160
2 201705799058340000 562
2 201706215376570000 385
2 201705974321520000 23737
2 201706592008270000 166
2 201706243021220000 413
2 201706594751350000 247
2 201705699997260000 371
2 201704453919870000 255
2 201706348906410000 83
2 201706012888140000 298
2 201706061508510000 325
2 201705838447040000 359
2 201705930193250000 38243
2 201704629942230000 764
2 201705356643140000 189
2 201704899476590000 353
2 201705344198650000 4034
2 201705814434650000 1116
2 201705876422270000 1114
2 201705541494510000 542
2 201705970366300000 1493
2 201705268009120000 300
2 201705732884800000 1023
2 201705699040960000 125
2 201705449421160000 2769
2 201704915096170000 278
2 201704633230570000 1315
2 201705654023500000 367
2 201705479725010000 2524
2 201704999200360000 870
2 201705266000040000 96
2 201704860897390000 235
2 201705147305440000 2858
2 201705430739720000 394
2 201705152049190000 367
2 201704677291730000 311
2 201705053432720000 660
2 201705057610240000 184
2 201704990618820000 529
2 201705008050340000 1597
2 201705024458470000 195
2 201705052321230000 1719
2 201704697780900000 93
2 201704453202650000 265
2 200879351829500000 4171
2 200877081830240000 2095
2 200872799567480000 84
2 200876131426110000 1104
2 200872086795850000 1051
2 200858365096770000 770
2 200867750946680000 5108
2 200867549641060000 52
2 200866463920310000 34
2 200865504959800000 622
2 200860273677050000 1297
2 200866022465610000 29
2 200865559032760000 121092
2 200863617959210000 900
2 200863866731760000 106
2 200862122484320000 1719
2 200860214717720000 165
2 200860002452380000 1596
2 200858579996130000 76
2 200845464273300000 384
2 200853740578820000 326
2 200849690210740000 564
2 200847119135940000 24612
2 200845960157460000 267
2 200844841725340000 5990
2 200797449118430000 6256
2 200797846809740000 1116
2 200796065056830000 564
2 200795554589050000 274
2 200773665183380000 694
2 200795093538570000 940
2 200792350316950000 2894
2 200791093036580000 1775
2 200790512255500000 169
2 200779081065840000 321
2 200785099762040000 7294
2 200784558793300000 447
2 200784043858600000 383
2 200782182300650000 899
2 200781317888160000 189
2 200779421639120000 201
2 200777002943390000 280
2 200777891053700000 232
2 200770190110230000 440
2 200775082556130000 816
2 200774226498680000 723
2 200772953468700000 248
2 200768639220190000 319
1 201716519040850000 697
1 201734777278170000 68473
1 201710043782060000 183
1 201732913971200000 11911
1 201723318980720000 655
1 201730731247020000 1586
1 201732187463240000 910
1 201731657919760000 1454
1 201729489808520000 288
1 201731204041540000 563
1 201730986772400000 593
1 201731402792840000 34436
1 201730075622790000 341
1 201728709944820000 870
1 201726092632000000 445
1 201710748202840000 66
1 201726649262290000 74
1 201728216417840000 463
1 201715436897840000 33347
1 201727488865480000 111
1 201713816332010000 159
1 201726155479460000 577
1 201726971930100000 136
1 201726370332680000 5095
1 201724836232450000 424
1 201705765885580000 336
1 201721523688570000 584
1 201725218316760000 48
1 201723662863310000 133
1 201724098525680000 323
1 201705889810490000 207
1 201716436446630000 126
1 201724491422890000 840
1 201724100731880000 2240
1 201724181723880000 316
1 201723432717660000 399
1 201724176950770000 229
1 201723569842030000 185
1 201720068713870000 2268
1 201723146410260000 371
1 201710373961870000 914
1 201707903026080000 243
1 201717452348990000 239
1 201717150724010000 59
1 201722632410890000 139
1 201722295289520000 204
1 201722046718280000 316
1 201717300435500000 2914
1 201707304058490000 9147
1 201720284519210000 86
1 201712233099700000 460
1 201707352272020000 146
1 201720433987440000 126
1 201716390477050000 65
1 201718196439490000 496
1 201719690572220000 581
1 201719465795260000 116
1 201719905165390000 389
1 201719354692350000 305
1 201719186458800000 11
1 201708137848390000 268
1 201714526469630000 330
1 201712189864800000 82
1 201718208120630000 242
1 201718247136030000 6026
1 201716369484550000 304
1 201717582540180000 290
1 201707537094020000 182
1 201715919079220000 91
1 201718052121880000 674
1 201718204115080000 1643
1 201718351158970000 156
1 201712462515550000 215
1 201718158665590000 194
1 201716177884550000 108
1 201717079391470000 196
1 201717703612970000 282
1 201715433836000000 241
1 201717157057410000 123
1 201710807254440000 349
1 201715624584560000 181
1 201717103680700000 227
1 201717347176810000 263
1 201707595143200000 278
1 201713385027550000 437
1 201716888907160000 138
1 201717218348780000 322
1 201709501693430000 4772
1 201716303147440000 698
1 201713144261910000 2350
1 201712216062430000 449
1 201715109515620000 83782
1 201716330758550000 1211
1 201714693595870000 1292
1 201716291415970000 4737
1 201714635789980000 114
1 201716167235220000 322
1 201715484717090000 222
1 201715894815170000 428
1 201716028571530000 156
1 201712797762070000 227
1 201711515592690000 5391
1 201715553457550000 598
1 201715948716170000 412
1 201715705987600000 164
1 201714014449970000 856
1 201707689246600000 259
1 201715475468660000 1331
1 201714842711760000 111
1 201714507775620000 1544
1 201715010005770000 267
1 201713695687050000 36006
1 201713516560920000 26
1 201711366787170000 644
1 201715190109190000 135
1 201714707256710000 333
1 201707668136670000 227
1 201714819810870000 355
1 201715115354110000 443
1 201714531808970000 1885
1 201714933161920000 92
1 201714543787900000 275
1 201714162882200000 508
1 201714616546500000 30945
1 201714492919400000 209
1 201711871269670000 149
1 201713904169140000 1879
1 201714514801070000 214
1 201714310068710000 885
1 201714328150350000 112
1 201712748055380000 170
1 201714345183420000 436
1 201714412497800000 1094
1 201714244490760000 155
1 201713862624560000 142
1 201713895541440000 415
1 201710060810940000 1912
1 201705172043440000 188
1 201713568087940000 77
1 201711737915970000 2837
1 201713894413190000 221
1 201712754749490000 160
1 201711997157510000 155
1 201713671028740000 248
1 201712970651270000 416
1 201708873751590000 150
1 201713526836970000 209
1 201705170965500000 464
1 201713531652020000 1201
1 201706998046270000 213
1 201712852338360000 87
1 201708529827060000 253
1 201713332682630000 219
1 201713027739950000 495
1 201712914745410000 489
1 201713295097480000 26
1 201713032496300000 55
1 201712847007400000 177
1 201711427290010000 187
1 201711765879390000 110
1 201713033360310000 213
1 201711388748550000 104
1 201711799064740000 243
1 201711380397690000 81
1 201713005120080000 1645
1 201712341606340000 166
1 201708505885970000 93
1 201711802638280000 846
1 201708509103000000 286
1 201708969406900000 463
1 201712324099330000 116
1 201712090816320000 259
1 201712211293520000 141
1 201712586276880000 336
1 201712246911550000 61
1 201711117670690000 120
1 201708541780830000 774
1 201712284320530000 279
1 201712163793020000 1753
1 201712281774590000 120
1 201711495233540000 9500
1 201711718051760000 413
1 201705100304070000 242
1 201705065608790000 477
1 201711939754270000 348
1 201711266581060000 214
1 201708099491470000 173
1 201705770272820000 335
1 201711234305890000 376
1 201710940352290000 527
1 201711264454550000 9
1 201705199906200000 83
1 201706073864930000 480
1 201711567652400000 353
1 201706122527260000 96
1 201711309383930000 803
1 201711936000370000 336
1 201711963615670000 208
1 201711954824400000 42
1 201711616990000000 126
1 201705813138620000 150
1 201710329028280000 3084091
1 201705594921560000 143
1 201706796560290000 1709
1 201711097928100000 435
1 201711420063240000 1926
1 201711716768300000 241
1 201707267303810000 216
1 201711502661660000 91
1 201710410079010000 113
1 201711529266130000 262
1 201711555874800000 522
1 201711419513780000 403
1 201711343622030000 98
1 201710654854410000 113
1 201707326514800000 162
1 201710744973220000 418
1 201711514049180000 555
1 201709501320140000 956
1 201711125912490000 210
1 201711227158790000 480
1 201710958031270000 598
1 201710451623590000 186
1 201711362693550000 424
1 201711336403640000 251
1 201710025155170000 371
1 201709994557720000 81
1 201710706456920000 79
1 201710242495590000 89
1 201711095063380000 216
1 201708105841650000 187
1 201710733015250000 496
1 201710833611450000 286
1 201710876854710000 1264
1 201711169092850000 109
1 201705991690130000 659
1 201709709949020000 188
1 201710967560740000 773
1 201711056341570000 350
1 201710676463470000 286
1 201708363128650000 390
1 201710405301700000 841
1 201710535274800000 334
1 201710527100110000 751
1 200875195135820000 1361
1 201710914649600000 47571
1 201705668552570000 792
1 201710612680680000 315
1 201709626180380000 461
1 201708693178430000 486
1 201708471077440000 82
1 201710679168780000 376
1 201705048772850000 1383
1 201708082580030000 97
1 201709913012050000 530
1 201709756631630000 455
1 201710046181200000 232
1 201709883987470000 1158
1 201706605564280000 93
1 201710123255730000 223
1 201710025062890000 231
1 201709653741150000 481
1 201709236282060000 837
1 201707619734410000 169
1 201707464821980000 389
1 201709686897120000 15
1 201705572393940000 577
1 201709345992480000 73
1 201709036905820000 69
1 201709448144750000 251
1 201709798490780000 2334
1 201709779519950000 546
1 201709075900270000 103
1 201707211922210000 323
1 201709869936540000 208
1 201709891864380000 531
1 201709702378290000 1497
1 201709172604140000 4100
1 201708579756050000 1584
1 201709369149240000 404
1 201708639906570000 433
1 201709929776690000 453
1 201708794890290000 172
1 201708264763830000 110
1 201709050319210000 271
1 201709017603650000 991
1 201709488871450000 278
1 201708866759700000 77
1 201709083143840000 116032
1 201709203621020000 55
1 201709722716480000 536
1 201708822094550000 266
1 201709356067190000 163
1 201705918415640000 513
1 201709113770640000 14887
1 201704722846060000 67
1 201708975866130000 409
1 201704675391700000 353
1 201709130824680000 359
1 201709559730020000 170
1 201708933721760000 574
1 201706994242040000 29
1 201705482681980000 930
1 201709289558130000 236
1 201708754746620000 633
1 201704832111880000 340
1 201706685507700000 480
1 201707712734700000 72
1 201708633279570000 824
1 201708476387430000 250
1 201706063794410000 175
1 201707973385530000 176
1 201709282134200000 489
1 201708969893440000 224
1 201707690555230000 15644
1 201706210989320000 183
1 201707085963080000 244
1 201708273588630000 184
1 201708215522690000 955
1 201707867357710000 159
1 201708889140510000 2016
1 201707214849840000 254
1 201708699054650000 73
1 201708995860370000 443
1 201705315337630000 150
1 201708861789440000 1014
1 201708784463250000 343
1 201708189996170000 765
1 201708742385990000 108
1 201708200221870000 4003
1 201708159356760000 523
1 201707318465930000 376
1 201704906053270000 601
1 201705565716620000 744
1 201708590560590000 4788
1 201708344765970000 844
1 201706296783810000 369
1 201708165845370000 227
1 201707119047740000 148
1 201707526927020000 530
1 201705292268980000 239
1 201706682127090000 157
1 201708518053650000 413
1 201707634406060000 2402
1 201708044273470000 153
1 201708278986700000 121
1 201705100564120000 625
1 201708334431210000 2053
1 201708046131530000 34144
1 201707805659500000 812
1 201706866261230000 225
1 201707599744350000 432
1 201707933891960000 1307
1 201705331540230000 368
1 201707969501600000 336
1 201704580654960000 73
1 201707783605850000 109
1 201707326900680000 172
1 201708088900850000 228
1 201706858380140000 410
1 201706091199990000 330
1 201707642509460000 106
1 201707745563510000 104
1 201705949281530000 450
1 201706328522100000 1271
1 201707905022570000 359
1 201707546577340000 98831
1 201704986911060000 109
1 201707736424120000 257
1 201707440797000000 7188
1 201707769198420000 141
1 201707319837460000 126
1 201707698822200000 181
1 201706905310220000 269
1 201707098428550000 84
1 201706922540410000 70
1 201707311440460000 127
1 201704975355740000 229
1 201707766115600000 424
1 201707396576450000 218
1 201706820253920000 147
1 201707535663760000 156
1 201705121141360000 227
1 201707173057810000 7649
1 201705766644760000 189
1 201707558610800000 201800
1 201706781930570000 95778
1 201707683840140000 114
1 201707170830630000 181
1 201706202898510000 1195
1 201706579538620000 431
1 201705105354010000 229
1 201707026060030000 9941
1 201707524431410000 668
1 201707399210480000 197
1 201705278520040000 653
1 201705708494920000 978
1 201706623075500000 354
1 201706891020210000 280
1 201707501123680000 463
1 201706902424520000 149
1 201705374531860000 111
1 201707114933130000 122
1 201705074702020000 174
1 201705926342880000 181
1 201707409008370000 142
1 201705172504820000 152
1 201707233023760000 287
1 201706841963640000 405
1 201707388926050000 97
1 201706932233440000 341
1 201706881792740000 131
1 201707045609670000 1047
1 201707232444940000 266
1 201707129084720000 499
1 201706695502740000 624
1 201707077427670000 210
1 201706718684660000 472
1 201707136680610000 64
1 201706997513600000 266
1 201707306835130000 100
1 201707233338330000 107
1 201706052302020000 486
1 201706866856830000 357
1 201704522010200000 2977
1 201706929125470000 1215
1 201706719720650000 441
1 201705234995740000 526
1 201707005390500000 728
1 201706163782420000 394
1 201707011950400000 691
1 201706928991250000 180
1 201706268874900000 124
1 201706640511220000 214
1 201706643891810000 12545
1 201706995676490000 262
1 201705857447250000 2865
1 201706174863780000 644
1 201706863383940000 1761
1 201704958641450000 233
1 201705882420120000 321
1 201707033878200000 908
1 201706078688380000 189
1 201706801002060000 176
1 201704919080770000 288
1 201705945456310000 1776
1 201706670563400000 92
1 201705792641040000 1906
1 201706470109230000 259
1 201706378937640000 731
1 201706601281890000 168
1 201705047137060000 246
1 201706454221190000 610
1 201706047512120000 2044
1 201706432951890000 770
1 201706339314060000 634
1 201706789501270000 107
1 201706240609500000 103
1 201706244682150000 990
1 201705965115030000 139
1 201706337644710000 552
1 201706331332280000 4996
1 201705641729990000 1647
1 201706394045530000 156
1 201706430556930000 1976
1 201706195386510000 174
1 201705289739810000 218
1 201705931711590000 1152
1 201706115090750000 244
1 201705571068560000 93
1 201705049594940000 215
1 201704566557900000 598
1 201705607282180000 416
1 201706472625800000 174
1 201706264814830000 5638
1 201706351972450000 526
1 201705661350940000 511
1 201705088702610000 203
1 201705401002120000 399
1 201706393059860000 605
1 201706310197190000 458
1 201706056722810000 69
1 201705658838560000 724
1 201705938598640000 365
1 201705945900910000 634
1 201706330535370000 64
1 201705644506610000 137
1 201705749313890000 375
1 201706128109870000 304
1 201705915836150000 748
1 201705288003360000 222
1 201705921490060000 237
1 201705038253540000 151
1 201706009713070000 1080
1 201705951206710000 61
1 201705244361620000 160
1 201706047361130000 263
1 201704483829450000 509
1 201706142265660000 130
1 201705933934570000 202
1 201705698969660000 637
1 201704685365760000 331
1 201705653570510000 223
1 201705919690710000 281
1 201705708448780000 501
1 201705836437980000 177
1 201704657041640000 124
1 201705884315960000 564
1 201706002062640000 583
1 201705729114120000 3104
1 201705318621780000 2704
1 201704755419030000 546
1 201705030229830000 78
1 201705557760030000 196
1 201705752325390000 906
1 201705254650250000 2612
1 201705762135870000 307
1 201705863621250000 2492
1 201705662194010000 579
1 201704445770330000 394
1 201705122189940000 7084
1 201705126019340000 401
1 201705917606150000 301
1 201705791810580000 44
1 201704479760980000 1082
1 201705392563160000 252
1 201704539034880000 1008
1 201704675903420000 1311
1 201705640123560000 1496
1 201705642535290000 403
1 201705176137070000 2251
1 201705385760010000 945
1 201704985359160000 698
1 201704912948690000 567
1 201704952530350000 198
1 201705303765560000 1779
1 201704516624710000 75
1 201704448656030000 91
1 201704922402660000 316
1 201705176376150000 251
1 201704992242020000 230
1 201705428067950000 44
1 201705417427010000 342
1 201704467094180000 306
1 201705024563330000 181
1 201705125079810000 219
1 201705040690430000 125
1 201704746682290000 879
1 201704431883010000 6066
1 201705132986090000 257
1 201704817616360000 19582
1 201705191895090000 36
1 201705024798200000 504
1 201704970880420000 572
1 201704953876720000 115
1 201704940115210000 387
1 201704979990450000 335
1 201704873442550000 301
1 201704779154590000 94
1 201704963154510000 174
1 201704892082040000 244
1 201704780811340000 515
1 201704802202300000 106
1 201704537378130000 543
1 200879348159490000 1238
1 200879191716150000 17608
1 200879447493200000 68
1 200868099027770000 1871
1 200877807226730000 753
1 200772357919490000 369
1 200870302060780000 321
1 200878005147530000 65
1 200877779728880000 41
1 200876905505880000 1075
1 200876996564230000 11358
1 200873856213320000 978
1 200874811562540000 866
1 200863166589180000 1824
1 200844297283710000 3356
1 200871002522140000 2376
1 200796367206090000 296
1 200873351374320000 248
1 200871743416570000 6108
1 200872355965320000 216
1 200856694316740000 402
1 200851689757090000 621
1 200871953286960000 28584
1 200870844946330000 189
1 200870348969880000 2737
1 200870047835620000 568
1 200848592469100000 5355
1 200869897981530000 79
1 200868415110520000 55
1 200866100219630000 386
1 200867920560140000 129
1 200856460245200000 84
1 200866385973350000 564
1 200862331473890000 632
1 200855022160990000 7118
1 200863774314470000 233
1 200863185455150000 521
1 200863468843300000 256
1 200863136973210000 1756
1 200861946612960000 130
1 200858901011370000 653
1 200859729961040000 6100
1 200860214080180000 367
1 200857670876540000 19234
1 200858622228580000 180
1 200857080511480000 2677
1 200856005674940000 260
1 200853450643350000 9224
1 200856572971320000 180
1 200856070191730000 417
1 200854138135920000 529
1 200790951298470000 217
1 200855526895130000 236
1 200854167110160000 274
1 200854558057040000 276
1 200849553677750000 793
1 200853257210450000 10604
1 200852216008020000 422
1 200851610811900000 1761
1 200849815498800000 95
1 200849452561480000 123
1 200849608367280000 292
1 200848695749640000 1225
1 200845563112080000 611
1 200847540290200000 277
1 200848023415300000 200
1 200847827176390000 580
1 200785735169740000 1639
1 200847848860950000 728
1 200847710209840000 260
1 200847641687500000 4411
1 200845305774740000 21
1 200846413230380000 255
1 200846237530990000 863
1 200845282617990000 474
1 200798484490750000 1378
1 200796553282200000 488
1 200797606706810000 263
1 200796023432550000 650
1 200797096889160000 653
1 200789173525940000 1594
1 200793645153140000 262
1 200796004717570000 1789
1 200795995540430000 189
1 200782763396310000 864
1 200795613988800000 1026
1 200775397527400000 821
1 200794110385340000 651
1 200793844520990000 910
1 200792117398860000 73
1 200781508645110000 1548
1 200789994653240000 2698
1 200790761707540000 342
1 200789814071660000 73
1 200789756420960000 10197
1 200782670152740000 403
1 200787233731660000 153
1 200786283155550000 67
1 200787014856090000 72
1 200787918070090000 242
1 200785012646360000 216
1 200784573406250000 846
1 200784531261900000 1360
1 200782978195010000 426
1 200783394530010000 2212
1 200776454915630000 2852
1 200782598031690000 694
1 200777529357910000 152
1 200771224719200000 340
1 200781183779480000 322
1 200779261571910000 374
1 200780849644450000 133
1 200780497067060000 2579
1 200780127385300000 569
1 200779503864260000 371
1 200776871313540000 5179
1 200778167294770000 213
1 200777736032230000 233
1 200777916718650000 276
1 200777008811230000 585
1 200771599203440000 90
1 200775592919060000 187
1 200775055536440000 32
1 200772750611190000 428
1 200774286238170000 426
1 200773111703020000 61
1 200769450868350000 295
1 200772128377810000 585
1 200770843138200000 509
1 200769588823200000 13907
1 200769572155040000 843
1 200769551611330000 442
0 201711719775610000 968
0 201705519772220000 65
0 201735218103710000 842
0 201735679896580000 492
0 201733403085770000 14944
0 201735726176540000 52518
0 201731963202190000 113
0 201723376757250000 1601
0 201735176643030000 814
0 201734402571640000 3847
0 201735476904860000 4518
0 201729879182550000 285
0 201712389169760000 2221
0 201709079402510000 141
0 201711469753150000 282
0 201720712413710000 1065
0 201734613083760000 129
0 201724110886280000 622
0 201712615729280000 82
0 201734762254180000 1388
0 201725498647270000 401
0 201732556297740000 171
0 201733566072230000 247
0 201734345671710000 60
0 201732924087880000 325
0 201731570086850000 12388
0 201717556917170000 3513
0 201721058066300000 319
0 201722544397620000 388
0 201734285915470000 266
0 201732237681630000 797
0 201718839220760000 107
0 201732876826450000 215
0 201705013763000000 228
0 201734279162630000 133
0 201734542585890000 202
0 201725370662270000 419
0 201705001607910000 194
0 201733812659550000 474
0 201712501375770000 255
0 201724123540500000 271
0 201709558400420000 7734
0 201733211393500000 161
0 201705199608410000 133
0 201704994192360000 163
0 201733769307230000 193
0 201732123013550000 57
0 201733185724350000 87
0 201733763678490000 324
0 201714953940500000 76
0 201724041483140000 321
0 201722532305440000 217
0 201732969122110000 256
0 201720358242500000 433
0 201712449194440000 78372
0 201713716872490000 240
0 201706015954190000 404
0 201720754755210000 231
0 201708600069080000 275
0 201732770937050000 191
0 201708012505800000 44
0 201717378118190000 356
0 201707305413260000 256
0 201732689655630000 608
0 201729998766360000 208
0 201712234467050000 153
0 201731933254860000 18
0 201732464769640000 106
0 201731703553790000 1145
0 201731871997030000 425
0 201719453300420000 153
0 201732684484070000 597
0 201729025616510000 175
0 201707190501900000 120
0 201731962157810000 91
0 201732451595330000 95
0 201725282078570000 606
0 201706122116210000 241
0 201731446849810000 1151
0 201707129768380000 594
0 201709289369380000 147
0 201726509789090000 25321
0 201705942667100000 322
0 201705480794540000 218
0 201708683888040000 2890
0 201726874047630000 559
0 201710664140590000 354
0 201721172600160000 178
0 201711105674970000 331
0 201729337098110000 2905
0 201728181533820000 1932
0 201725593098780000 509
0 201716697579790000 274
0 201718204828090000 105
0 201728151297070000 141
0 201710922484560000 123
0 201710858882120000 160
0 201731510926200000 418
0 201730579916530000 43
0 201727826980910000 863
0 201730249824810000 611
0 201713571762160000 83
0 201710285868900000 82
0 201730925829170000 515
0 201730862092530000 5057
0 201729654900520000 299
0 201725826574710000 1064
0 201730782413330000 122
0 201730263397580000 284
0 201712500641770000 335
0 201712581554090000 621
0 201728359376490000 383
0 201721609617280000 271
0 201709474539520000 72
0 201727430908590000 8408
0 201705948937590000 391
0 201710941048540000 349
0 201728636758390000 968
0 201725131385610000 149
0 201730091074600000 591
0 201721185644450000 449
0 201714765972770000 321
0 201726500637120000 49
0 201725854773030000 979
0 201728521402450000 213
0 201705205128110000 44
0 201727320829070000 84
0 201729207838060000 564
0 201729432875040000 166
0 201715815869990000 86
0 201729046881640000 128
0 201724536478120000 7188
0 201715981809230000 127
0 201728204493430000 113
0 201728634954850000 170
0 201712393913500000 36
0 201727783548890000 773
0 201728773220090000 425
0 201705889156180000 29
0 201728750331760000 611
0 201727976826620000 6249
0 201724279207900000 217
0 201727303112330000 72
0 201720826872090000 12
0 201727497627390000 147
0 201707775091410000 612
0 201727109297750000 413
0 201723042857090000 471
0 201728564507320000 1545
0 201727137521210000 79
0 201727090473710000 268
0 201728713921020000 528
0 201726232277170000 92
0 201727253502120000 52
0 201724420656600000 54
0 201710626647700000 286
0 201728614109150000 9904
0 201718965955870000 281
0 201727557060660000 52
0 201725835273710000 379
0 201724748214970000 435
0 201718187396570000 111
0 201719930473820000 165
0 201711826872970000 143
0 201726357993040000 290
0 201727888255500000 102
0 201727399266750000 551
0 201727007095140000 59
0 201720143741590000 48
0 201705260060910000 1211
0 201727440446430000 2266
0 201713770198870000 207
0 201726953953310000 102
0 201712996190390000 1426
0 201715953548010000 33
0 201724730343030000 1802
0 201719806221750000 133
0 201723945328710000 1437
0 201727207519960000 377
0 201725634970520000 138
0 201726674272920000 460
0 201704809374550000 186
0 201727260485620000 1371
0 201709294201220000 514
0 201723856648550000 103
0 201726857786310000 94
0 201725901422080000 4846
0 201708499040870000 435
0 201725665416970000 133
0 201722000455110000 764
0 201706278198840000 278
0 201719566789910000 3388
0 201719656896150000 366
0 201723979457770000 3341
0 201725579056260000 171
0 201707393485250000 198
0 201726521264710000 94
0 201726857190720000 195
0 201724396224790000 184
0 201706795692080000 545
0 201718122909140000 401
0 201719894306320000 34
0 201721010687450000 123
0 201709705079430000 193
0 201717464881580000 200
0 201726232562370000 231
0 201724816292720000 354
0 201708685330880000 209
0 201713374290120000 266
0 201726465283340000 277
0 201706036124600000 478
0 201717430932870000 1018
0 201719305174390000 530
0 201715735125440000 119
0 201705291677580000 117
0 201725935924420000 2267
0 201722867241580000 395
0 201725612979800000 1650
0 201712312992790000 860
0 201725596810760000 156
0 201705517192720000 198
0 201706935265920000 1203
0 201723178928710000 1005
0 201706017438960000 264
0 201725111395550000 341
0 201723836792720000 362
0 201714744372110000 757
0 201718801119710000 40
0 201708797738240000 108
0 201720374617050000 146
0 201721838953430000 579
0 201723815775040000 121
0 201724345796670000 294
0 201723127301020000 596
0 201715912078920000 171
0 201715538681000000 333
0 201725607665610000 307
0 201722368660480000 665
0 201722379515330000 207
0 201704573084250000 334
0 201704751082130000 350
0 201705154985210000 146
0 201725086057780000 824
0 201716916841230000 36
0 201724250078460000 7317
0 201724299843870000 346
0 201714014059890000 40
0 201715196484520000 646
0 201724023380530000 213
0 201720829724200000 355
0 201723939091790000 82
0 201724948677530000 268
0 201723658639640000 119
0 201723190295270000 90
0 201724272333430000 145
0 201713672379310000 92
0 201723949397190000 594
0 201724403514480000 289
0 201724271502960000 46
0 201720163186380000 159
0 201714641561340000 4786
0 201723055561650000 68
0 201716831151600000 131
0 201723200776840000 64
0 201714166443150000 117
0 201723156526940000 119
0 201724185746210000 448
0 201720085268800000 441
0 201711038796810000 173
0 201722059980680000 228
0 201709389403540000 744
0 201723565521900000 273
0 201723890932790000 140
0 201721995711360000 50
0 201722882794070000 146
0 201722687654080000 241
0 201705368676610000 105
0 201724032947730000 619
0 201721864400270000 284
0 201724054468700000 80
0 201723826285990000 474
0 201723042676740000 152
0 201717631106040000 116
0 201719242918340000 398
0 201705091735090000 158
0 201719747736390000 147
0 201721068690490000 908
0 201722097230290000 172
0 201722876745880000 2009
0 201723239142150000 88
0 201704760330560000 404
0 201716860830490000 212
0 201723334206040000 69
0 201707682036580000 434
0 201723343425110000 361
0 200793683161920000 1915
0 201710501481280000 1132
0 201722786350250000 341
0 201719956205870000 1626
0 201711416200280000 171
0 201723539299120000 342
0 201707134193370000 270
0 201720755589890000 114
0 201721757172910000 569
0 201720493034830000 352
0 201723351717270000 399
0 201720123260810000 1871
0 201719429455810000 217
0 201710296144950000 195
0 201720704721370000 41502
0 201714848055310000 174
0 201707878191610000 80
0 201723199174620000 178
0 201722255993090000 1443
0 201722548549980000 145
0 201722514081200000 62
0 201714380797260000 215
0 201722443474280000 77
0 201722621027550000 36
0 201705365677670000 135
0 201723063199470000 22978
0 201722229128580000 552
0 201711972725700000 318
0 201722530527060000 111
0 201707558854070000 706
0 201722870970320000 93
0 201719032418810000 518
0 201721897317180000 174
0 201721833446320000 128
0 201722516262240000 188
0 201721079255940000 107
0 201719191789780000 1967
0 201720162980860000 388
0 201720789731510000 6639
0 201722131220930000 210
0 201719678874300000 975
0 201712306722310000 236
0 201722722995280000 165
0 201721995052840000 86
0 201721974857280000 364
0 201722680653780000 222
0 201715107301040000 150
0 201719210584450000 7063
0 201721795806630000 123
0 201721141692340000 50
0 201721877683640000 101
0 201706286436470000 145
0 201721876807020000 344
0 201706044337040000 145
0 201721653850420000 461
0 201718964504630000 173
0 201708306006410000 253
0 201719729889620000 196
0 201704503769180000 1596
0 201720353008010000 236
0 201722088518730000 99
0 201722311022360000 96
0 201722028930250000 1489
0 201712921628260000 309
0 201721943211250000 267
0 201713410008820000 382
0 201719196332200000 425
0 201721997309380000 126
0 201720763840090000 334
0 201718528213120000 546
0 201720982099080000 90
0 201719276426630000 104
0 201719698738520000 121
0 201717395541330000 154
0 201704660673900000 23
0 201711609842910000 264
0 201716152618070000 338
0 201704696384200000 85
0 201714284454100000 55
0 201721293618430000 241
0 201720982048740000 189
0 201708836611040000 605
0 201721814018300000 440
0 201720838326720000 117
0 201720422121750000 371
0 201720751194250000 290
0 201720669799600000 177
0 201715950603610000 1549
0 201721185598320000 203
0 201708510940110000 2093
0 201706190135230000 215
0 201721180086990000 238
0 201711166064570000 182
0 201718648572880000 889
0 201705824773610000 140
0 201715858832240000 227
0 201718585016600000 61
0 201714359855090000 332
0 201717435039090000 48
0 201720220669320000 454
0 201719999361060000 1970
0 201707846994370000 300
0 201719062542300000 1057
0 201710375996110000 1266
0 201721129117810000 156
0 201705334019080000 70
0 201715809544970000 110
0 201718655204070000 776
0 201705153328450000 156
0 201720642289140000 78
0 201720307755660000 385
0 201720555324450000 192
0 201713135848140000 185
0 201720795171530000 235
0 201720919121600000 45
0 201719789809440000 17588
0 201720021788000000 29302
0 201709977847610000 294
0 201720491524900000 182
0 201719418047300000 239
0 201720897705480000 353
0 201719131874140000 41
0 201707284299130000 82
0 201709251083780000 366
0 201709323485850000 217
0 201707134524740000 463
0 201714954141840000 235
0 201718941490480000 108
0 201719481549070000 336
0 201718947110850000 977
0 201720104520660000 268
0 201704707083870000 640
0 201718217385850000 201
0 201720056466520000 121
0 201716627056760000 212
0 201708430539490000 584
0 201706038796370000 6327
0 201720553776750000 881
0 201710040887990000 314
0 201707931144690000 337
0 201713488320670000 216
0 201720155116540000 262
0 201718216416960000 179
0 201719802954400000 570
0 201715846857490000 66
0 201708092319220000 146
0 201720328265790000 871
0 201710381968790000 158
0 201715338788870000 214
0 201716160566270000 941
0 201720279653810000 78
0 201720164864110000 4
0 201709249066310000 81
0 201719176233090000 69
0 201716851678520000 144
0 201715117216380000 199
0 201708066301950000 2925
0 201705254818020000 5401
0 201706541596930000 1706
0 201712424422870000 338
0 201711862293870000 947
0 201720070777480000 122
0 201706785223100000 74
0 201720291309790000 214
0 201718250894140000 615
0 201720205762760000 62
0 201704949179090000 35
0 201712198547030000 515
0 201710666707520000 59
0 201708325623180000 205
0 201719331023880000 1109
0 201709337620640000 472
0 201717919351180000 572
0 201719276581820000 204
0 201706363653590000 150
0 201707369787440000 167
0 201711004638390000 816
0 201719835770630000 153
0 201718651907350000 597
0 201718233781370000 89
0 201719382810970000 1142
0 201719192511190000 46
0 201713188411150000 1145
0 201719406743650000 205
0 201711159462720000 123
0 201717203932940000 202
0 201719426498830000 158
0 201708716884640000 296
0 201718767837910000 10
0 201716776810190000 7
0 201719910878040000 211
0 201715077081080000 260
0 201719371507310000 523
0 201719533239680000 39157
0 201710150216720000 385
0 201706159692970000 169
0 201717243569120000 700
0 201719917354040000 12
0 201718429479220000 199
0 201719882809750000 151
0 201719593092380000 1494
0 201717817484120000 36
0 201708206773390000 215
0 201706139568720000 46
0 201718822418380000 214
0 201717921205070000 621
0 201711884104240000 177
0 201714488012060000 300
0 201719539854090000 31
0 201719466470540000 423
0 201707653876030000 408
0 201706432989630000 402
0 201717494363340000 331
0 201719765025300000 245
0 201714080266980000 1764
0 201719130880090000 306
0 201718628771570000 216
0 201715742427720000 231
0 201715803287070000 129
0 201716465416680000 206
0 201718811899080000 244
0 201719436716150000 586
0 201710585015040000 157
0 201712811867510000 420
0 201719270047090000 550
0 201709599814980000 492
0 201719305182780000 524
0 201714490264390000 323
0 201719218322930000 98
0 201719207505830000 313
0 201717332916180000 375
0 201719132104820000 262
0 201717033388340000 294
0 201717728380330000 203
0 201711708207730000 308
0 201718991134270000 285
0 201709749601960000 1230
0 201717909997880000 21
0 201717864451930000 554
0 201710452059820000 145
0 201713596244310000 117
0 201707499865380000 1987
0 201718446092860000 465
0 201717404617810000 170
0 201715475384770000 295
0 201718180304000000 904
0 201705836597360000 194
0 201718393999590000 355
0 201711412488310000 401
0 201719018791510000 318
0 201715925689430000 268
0 201719192951590000 190
0 201715483920190000 490
0 201706705296430000 191
0 201718626263380000 166
0 201718817871770000 160
0 201709573172760000 115
0 201717056213760000 565
0 201708811164190000 79
0 201707947691220000 206
0 201718533292440000 193
0 201710879547460000 89
0 201717936883380000 222
0 201714100374480000 174
0 201713384096410000 111
0 201706950415760000 1434
0 201708803241160000 250
0 201718109491580000 183
0 201719039796580000 316
0 201717934148700000 100
0 201718511138120000 283
0 201718380120640000 526
0 201716785223960000 23
0 201711589840270000 71
0 201717290947970000 101
0 201715566841580000 259
0 201708149110090000 23
0 201714610393450000 252
0 201717928029210000 315
0 201718016675820000 256
0 201712660650270000 164
0 201717429754270000 3049
0 201707159032050000 420
0 201709140148630000 226
0 201717926355670000 97
0 201718476149230000 158
0 201708146350230000 174
0 201718345584740000 131
0 201717806880920000 168
0 201717156419880000 315
0 201715100871170000 328
0 201717477892300000 146
0 201718124062590000 110
0 201716608773790000 1310
0 201707324270850000 70
0 201712803172720000 1117
0 201718555769710000 283
0 201718055410210000 409
0 201710298678310000 864
0 201717344878330000 402
0 201717680837900000 67
0 201717629390560000 105
0 201716252509610000 122
0 201706624916790000 663
0 201716954099230000 35
0 201709938760880000 153
0 201710630900740000 440
0 201716109555150000 131
0 201717447382940000 165
0 201718116709970000 335
0 201710875361550000 138
0 201718280178780000 487
0 201713667165780000 259
0 201716565958330000 123
0 201717814778790000 65
0 201718193469930000 248
0 201716505749100000 191
0 201713233583810000 357
0 201718205306250000 41
0 201717677423730000 666
0 201705684759350000 121
0 201710774689870000 254
0 201717702635700000 330
0 201717163164300000 109
0 201705813088280000 24
0 201717568959030000 371
0 201717354399400000 88
0 201717874220470000 114
0 201717295326830000 380
0 201717491175660000 219
0 201711922217890000 292
0 201707176358710000 155
0 201714261683220000 307
0 201716007700660000 156
0 201718080139830000 314
0 201712187599900000 3174
0 201716511604360000 2741
0 201717315560160000 160
0 201714706996670000 166
0 201707045844560000 228
0 201717857082540000 303
0 201705646041740000 38
0 201716910738510000 1029
0 201712903521440000 324
0 201717490466820000 766
0 201705584469350000 200
0 201717702103020000 245
0 201707937322890000 44
0 201706587369380000 129
0 201705786538340000 130
0 201717693223670000 101
0 201705116477300000 154
0 201714688680150000 47
0 201716586229420000 133
0 201714958776550000 209
0 201717543851930000 363
0 201717673271370000 184
0 201715652648640000 178
0 201716247849740000 55
0 201716058657280000 413
0 201712909376690000 15401
0 201717039293940000 582
0 201711715849750000 206
0 201717332945550000 128
0 201714049417880000 904
0 201709465119110000 172
0 201717164082870000 111
0 201705697761700000 1780
0 201715512923790000 566
0 201711696383980000 272
0 201713398742920000 6025
0 201713670781280000 34
0 201713661809670000 142
0 201715742356410000 118
0 201716577870160000 67
0 201716886348640000 240
0 201716130216280000 1189
0 201715044155790000 176
0 201704620802840000 201
0 201710677855960000 62
0 201713148502350000 227
0 201716865989480000 234
0 201709727078550000 819
0 201715887932320000 83
0 201717412398250000 180
0 201716447158870000 418
0 201713475930700000 281
0 201714070406180000 113
0 201716345417640000 608
0 201715054301810000 92
0 201716922025390000 239
0 200868585583810000 149
0 201716658065260000 128
0 201716127645170000 176
0 201706721029260000 262
0 201706739991710000 332
0 201714522006890000 313
0 201716426900390000 235
0 201716916384040000 1471
0 201714717377570000 340
0 201712467745840000 766
0 201717165781550000 376
0 201711948860110000 360
0 201713820530520000 240
0 201707475647470000 229
0 201716483146000000 69
0 201716818468030000 31
0 201706685323160000 48
0 201715889039610000 424
0 201711213367930000 505
0 201716660124660000 541
0 201716941738610000 41
0 201715538093810000 4564
0 201715957629060000 117
0 201716029460720000 549
0 201716101053300000 328
0 201712257883840000 143
0 201716421724610000 91
0 201716893969690000 58
0 201715132399760000 554
0 201716822289030000 325
0 201714946990550000 103
0 201706080898790000 274
0 201716427848290000 204
0 201716408202180000 268
0 201706206442700000 538
0 201705212430390000 104
0 201716280351400000 1235
0 201708775789440000 1151
0 201713776209300000 366
0 201705224954590000 105
0 201715144605180000 135
0 201711074855220000 1000
0 201713575226650000 141
0 201716007486770000 264
0 201709767666830000 244
0 201714564335800000 211
0 201705529456850000 81
0 201716117125870000 8794
0 201709576494650000 4
0 201716264882810000 11
0 201715734278190000 281
0 201715975115120000 1261
0 201715243922100000 177
0 201704605380380000 348
0 201707262300010000 52
0 201709301709010000 331
0 201716221622750000 172
0 201715444565020000 53
0 201706052801140000 160
0 201708040800580000 1331
0 201716628512180000 87
0 201712411726710000 43717
0 201715997105850000 117
0 201715521597610000 9983
0 201716271841160000 135
0 201710654946680000 704
0 201713842080840000 41
0 201707176836870000 105
0 201712523391670000 318
0 201716184473810000 173
0 201708169322440000 287
0 201716265977510000 160
0 201707239122280000 137
0 201715363031950000 272
0 201711130803060000 172
0 201710621673270000 169
0 201713199886760000 358
0 201708330996070000 282
0 201704962512780000 105
0 201715826666120000 140
0 201713920187170000 602
0 201714380348460000 228
0 201715689478820000 315
0 201713171139000000 244
0 201716253428160000 55
0 201716022175220000 62118
0 201715733204450000 45
0 201715611783540000 95
0 201714697072940000 260
0 201708112883880000 191
0 201715721904980000 1140
0 201715862435150000 119
0 201711455471540000 1588
0 201713435061400000 1146
0 201715392547260000 374
0 201714973792150000 431
0 201716186726150000 238
0 201706976638540000 92
0 201715347399780000 119
0 201711609343770000 218
0 201716097563640000 1967
0 201715697292800000 83
0 201707039368560000 79
0 201714981400630000 673
0 201715842948400000 1336
0 201715825554630000 126
0 201716100403170000 232
0 201714362581400000 383
0 201715621174580000 61
0 201714984907060000 466
0 201715264600020000 193
0 201715529625500000 599
0 201715435362720000 140
0 201714899305500000 169
0 201715484335410000 83
0 201715858345700000 94
0 201713555156910000 186
0 201711477239980000 129
0 201705514344780000 256
0 201715392098470000 225
0 201706052071330000 280
0 201706075655900000 114
0 201715961022270000 103
0 201713351968030000 908
0 201706552455990000 446
0 201712980910540000 655
0 201713837123180000 166
0 201713424714040000 199
0 201710821791900000 127
0 201715440462990000 57
0 201715626165810000 269
0 201715546935410000 266
0 201715814259360000 327
0 201713622794250000 39
0 201715318786230000 51
0 201715588362540000 84
0 201715189433890000 255
0 201714459734050000 21
0 201715332463860000 55
0 201712423282020000 320
0 201715291103820000 33
0 201713476794720000 255
0 201713867502520000 298
0 201714816988090000 476
0 201709656266120000 167
0 201714631486600000 820
0 201714233581380000 330
0 201715030109060000 82
0 201715015303180000 155
0 201715312780000000 136
0 201706334276690000 282
0 201715187596800000 167
0 201713490560430000 288
0 201713936054240000 89
0 201708455109730000 856
0 201711831402820000 6364
0 201715595018910000 226
0 201715036190810000 3280
0 201713473615450000 123
0 201715046953390000 269
0 201714280087820000 49
0 201715256710540000 52
0 201704916899740000 169
0 201707281153390000 173
0 201707841839580000 209
0 201714736046420000 97
0 201714057319940000 507
0 201709371099580000 386
0 201706985744370000 165
0 201714789569940000 401
0 201704592814250000 328
0 201710813256480000 307
0 201706176549890000 62
0 201711992149520000 707
0 201712850132150000 101
0 201712844570500000 5914
0 201715088946760000 428
0 201713832933080000 301
0 201715202096500000 704
0 201715397391680000 178
0 201714039464790000 270
0 201710271771840000 390
0 201715180575540000 168
0 201710670352370000 301
0 201715386004160000 99
0 201714047505270000 364
0 201711328296050000 1232
0 201713847034310000 155
0 201707793600890000 188
0 201704829012280000 192
0 201712107497070000 2929
0 201710888833660000 171
0 201714870536780000 694
0 201712687846140000 736
0 201713834606590000 106
0 201715286083240000 234
0 201713509283790000 305
0 201708726678340000 92
0 201714597110100000 271
0 201712418622160000 249
0 201712635874520000 869
0 201713463331000000 366
0 201711984318750000 198
0 201707535357580000 452
0 201714461059460000 114
0 201714282998670000 68
0 201706627068460000 677
0 201714998135890000 86
0 201714952417970000 165
0 201706488606110000 271
0 201713514191130000 1006
0 201704539387200000 126
0 201715030637550000 197
0 201705251089290000 619
0 201714766484480000 226
0 201713043858670000 223
0 201713301061760000 86
0 201714494953620000 193
0 201714886538040000 266
0 201707615598810000 134
0 201714891155970000 33204
0 201714615435010000 308
0 201707041545400000 127
0 201710462050640000 878
0 201713383676990000 54
0 201708401074510000 463
0 201712660117590000 226
0 201714263822320000 577
0 201711787035460000 1316
0 201713719598780000 367
0 201714638021330000 200
0 201713897097540000 234
0 201713168207200000 375
0 201713849404100000 122
0 201712475643720000 159
0 200852090501860000 49
0 201711239531990000 195
0 201714608174660000 196
0 201714523432940000 100
0 201713697700320000 241
0 201707444261490000 237
0 201708935890210000 124
0 201713815518320000 411
0 201710968672220000 641
0 201713808023100000 172
0 201709392289210000 126
0 201712371033580000 62247
0 201709944423200000 215
0 201714375579550000 270
0 201714504579550000 68
0 201714276895960000 234
0 201714499747730000 1144
0 201714752018330000 118
0 201714467980070000 339
0 201712886832310000 389
0 201714736059000000 280
0 201705766699290000 71
0 201713693845750000 1611
0 201714098671590000 553
0 201714451668410000 758
0 201705700005660000 202
0 201705283247020000 593
0 201711627861620000 85
0 201714271623720000 220
0 201714359804770000 120
0 201712309494750000 305
0 201714688411710000 533
0 201714023778090000 86
0 201714666001540000 157
0 201714276208100000 231
0 201712411189840000 130
0 201711537059140000 54
0 201714483293470000 115
0 201711121844030000 291
0 201710845246450000 151
0 201713858086310000 43
0 201712987923430000 2285
0 201713509858420000 155
0 201713547619740000 165
0 201713650900280000 75
0 201705067127130000 533
0 201713829451800000 159
0 201711402996610000 140
0 201710970609990000 818
0 201712226602730000 224
0 201714026718300000 344
0 201712694854820000 42
0 201706476392300000 184
0 201714281069290000 317
0 201712688659830000 817
0 201714015473380000 539
0 201713758916200000 191
0 201713410356940000 501
0 201713628708220000 550
0 201712215856910000 195
0 201707604483920000 82
0 201708981188700000 183
0 201714070209040000 552
0 201712892389770000 223
0 201707719261040000 77
0 201714229844260000 377
0 201708818370020000 70
0 201706008559630000 344
0 201713983307250000 213
0 201713622894900000 245
0 201713207340050000 346
0 201713497602650000 270
0 201714352577970000 90
0 201712922555200000 315
0 201705765197710000 1116
0 201711458483050000 276
0 201707344973940000 1036
0 201713932006740000 11115
0 201713778868500000 267
0 201705091886090000 144
0 201714314732770000 66
0 201714048138620000 862
0 201713181658330000 118
0 200798838645200000 1023
0 201713973433880000 4330
0 201711452220950000 79
0 201713967964500000 123
0 201714166640280000 19
0 201714201205540000 410
0 201713720378930000 191
0 201711169248050000 146
0 201707465279150000 553
0 201709543581960000 181
0 201704481686180000 220
0 201713584030490000 110
0 201705699833680000 48
0 201713065148950000 493
0 201707860579710000 254
0 201711809999290000 1773
0 201709081126380000 127
0 201706789870380000 94
0 201713243121650000 147
0 201710327740640000 433
0 201714176773720000 108
0 201704686754080000 111
0 201712762966130000 165
0 201713047583200000 200
0 201704559524060000 364
0 201710631223690000 222
0 201710984363130000 84
0 201710834202850000 366
0 201709968548840000 131
0 201711959178080000 499
0 201704818505550000 283
0 201713560164910000 280
0 201712419175800000 34
0 201706841389020000 316
0 201713314978480000 66
0 201713413095830000 196
0 201707104589970000 66
0 201710668985020000 621
0 201711966853660000 131
0 201706002125570000 162
0 201710384019820000 442
0 201710075553920000 533
0 201713246359660000 228
0 201713839341970000 408
0 201707201285460000 257
0 201705920798010000 44
0 201710686219400000 219
0 201713825102310000 578
0 201706777954360000 676
0 201706414253680000 256
0 201710966944180000 509
0 201713239019630000 43
0 201711965360490000 105
0 201712409184960000 2662
0 201713552149590000 245
0 201712898219840000 567
0 201712539296470000 235
0 201712208059700000 111
0 201710633975160000 108
0 201710487426180000 151
0 201712950183070000 133
0 201713795800890000 191
0 201712658267910000 168
0 201713021125530000 272
0 201710254474530000 600
0 201710711573970000 190
0 201712039104750000 299
0 201704603711050000 307
0 201705084193750000 287
0 201712637661290000 312
0 201713159579500000 314
0 201713096186790000 104
0 201712940766860000 149
0 201711220754090000 252
0 201707024793340000 57
0 201705656460390000 16
0 201713493509020000 97
0 201710652086170000 959
0 201711605933810000 287
0 201710930365650000 105
0 201713780995010000 168
0 201713508646270000 222
0 201710257548970000 128
0 201713546587940000 1137
0 201712669236000000 282
0 201713753312600000 383
0 201708262893160000 152
0 201713185315750000 148
0 201712446648490000 2718
0 201707356915110000 350
0 201711938357570000 824
0 201713286755000000 69
0 201707896826900000 1154
0 201709644622730000 2916
0 201713509770330000 579
0 201710259457380000 140
0 201707826501010000 111
0 201713321089560000 216
0 201712962812120000 138
0 201711488535250000 228
0 201712428499730000 117
0 201708925408660000 244
0 201708079790830000 60
0 201712822483290000 170
0 201706044471260000 145
0 201712912799240000 90
0 201712377891270000 197
0 201712031785680000 618
0 201713084572770000 54
0 201710332601840000 528
0 201707889885320000 377
0 201713541529610000 215
0 201713029761600000 248
0 201712893794840000 225
0 201709544425010000 432
0 201713224675100000 192
0 201713196187390000 166
0 201706827572970000 28
0 201712952515110000 90
0 201713134208160000 115
0 201708495102420000 289
0 201712044028850000 113
0 201712288787480000 254
0 201713249052410000 545
0 201706765908320000 292
0 201713189182910000 353
0 201707462645130000 433
0 201710053890340000 280
0 201712918121820000 74
0 201706440719730000 778
0 201713076070910000 386
0 201713002129530000 308
0 201712274262610000 54
