2.09342168516
3.78168358451
1.88649072517
2.78031731214
1.93449845124
1.88081359228
2.97543180851
2.48429983935
2.74193907773
4.04162161644
1.86923171973
2.89265103388
2.07918124605
2.44404479592
3.12515582958
2.38021124171
1.84509804001
2.68304703824
2.44247976906
2.2833012287
3.58827170684
1.55630250077
2.1398790864
2.51719589795
1.98677173427
1.87506126339
2.07188200731
0.903089986992
2.49968708262
2.24054924828
6.00850525527
2.1303337685
1.04139268516
2.70671778234
1.90848501888
2.19589965241
2.30535136945
2.36735592103
0.47712125472
1.65321251378
2.20682587603
2.66275783168
4.02086656042
2.85003325769
2.06818586175
3.16016829296
2.01283722471
1.44715803134
1.55630250077
2.4623979979
2.5065050324
0.845098040014
1.65321251378
11.8971035546
2.13353890837
2.04532297879
2.1303337685
5.07785897996
2.74350976473
4.48358301818
1.17609125906
2.32633586093
2.66651798055
3.02036128265
1.43136376416
1.23044892138
3.28510702957
2.31597034546
1.36172783602
2.45788189673
2.86923171973
0.845098040014
2.56702636616
2.84757265914
2.06069784035
2.3856062736
2.27184160654
0.602059991328
1.73239375982
2.24054924828
2.32633586093
2.24054924828
3.18041263284
2.79657433321
2.8609366207
1.61278385672
1.94939000664
2.47421626408
3.19617618504
1.04139268516
2.63548374681
2.52244423351
2.02938377769
1.80617997398
1.47712125472
1.80617997398
2.1398790864
2.67942789661
2.688419822
2.48000694296
2.10037054512
1.83250891271
2.24054924828
3.68159395837
5.4087214937
1.04139268516
5.52642586914
2.16435285578
3.72693086412
4.55645447724
0.301029995664
2.90363251608
2.53655844257
1.92427928606
2.357934847
2.86451108106
2.03342375549
2.49831055379
2.06069784035
1.80617997398
2.42651126136
1.47712125472
2.24303804869
2.01283722471
2.30535136945
2.26007138799
2.73479982959
1.86923171973
2.27646180417
1.96848294855
0.903089986992
2.65705585286
2.22010808804
2.29446622616
2.58771096502
2.6294095991
3.2350231595
2.80753502807
2.35410843915
2.61700034112
3.16524432613
2.1105897103
0.845098040014
2.06069784035
1.86332286012
1.98677173427
2.25767857487
1.57978359662
2.15533603747
2.63245729218
2.58771096502
1.43136376416
1.95424250944
1.41497334797
4.54811905171
3.01283722471
2.43456890403
1.43136376416
2.4814426285
2.28780172993
3.26576091672
3.67108023274
2.59439255038
2.85913829729
2.33243845992
2.93851972518
4.15968747975
1.54406804435
2.90254677931
2.18469143082
2.34242268082
2.19033169817
4.19830511086
2.69372694892
2.64836001098
2.19033169817
5.85653891295
2.24797326636
2.37474834601
2.52633927739
1.89209460269
1.99122607569
2.62531245096
2.28555730901
2.91960102378
1.78532983501
2.14301480025
2.12710479836
2.35983548234
2.32014628611
3.08849047018
4.12553981831
2.63748972951
1.74818802701
1.77815125038
1.67209785794
2.94890176097
2.06445798923
2.19589965241
1.75587485567
2.02118929907
1.34242268082
2.98587535731
2.63346845558
2.46834733041
2.66370092539
2.32014628611
2.02938377769
2.92737036304
2.00432137378
2.14301480025
4.75019972783
3.1095785469
2.04139268516
1.43136376416
3.45224657452
2.19589965241
1.77085201164
3.05307844348
2.05307844348
2.20411998266
2.09691001301
1.69897000434
0.47712125472
1.17609125906
2.24054924828
2.09342168516
2.93550726582
2.43456890403
2.28555730901
1.86923171973
2.55144999797
3.09516935143
1.27875360095
3.26576091672
2.53275437899
4.29032849586
3.01828430843
2.85186960073
2.20682587603
2.75663610825
2.56110138365
2.60852603358
3.10585067439
1.90308998699
3.20736503747
2.20682587603
2.2552725051
6.16542714847
2.69722934276
2.28555730901
2.28555730901
2.24797326636
1.65321251378
2.3961993471
1.6232492904
2.76566855476
2.74036268949
2.63144376901
2.64048143697
0.903089986992
2.23299611039
2.7168377233
2.84385542262
2.10380372096
2.56584781867
1
1.94448267215
2.45178643552
2.53529412004
3.08206693429
3.84825071468
2.02938377769
2.29666519026
2.23804610313
5.28976259103
1.67209785794
2.44404479592
2.95999483833
2.28555730901
5.3876688243
5.69218748933
2.96988164375
2.37106786227
1.14612803568
1.60205999133
2.3909351071
2.42488163663
2.43296929087
2.55509444858
0.301029995664
3.17666993267
1.07918124605
2.51982799378
2.95182303532
2.30535136945
2.45788189673
1.79934054945
2.5065050324
1.97772360529
1.88649072517
2.45024910832
2.48287358361
1.98677173427
2.35602585719
2.7259116323
1.23044892138
2.47712125472
2.74507479158
1.50514997832
2.357934847
2.55022835306
2.717670503
2.20411998266
2.07554696139
2.54282542696
2.43933269383
2.13353890837
2.59659709563
2.41161970596
2.68124123738
2.35218251811
1.7923916895
2.74193907773
1.74818802701
2.08635983067
4.59245213051
1.88081359228
2.23552844691
1.61278385672
2.61700034112
2.34830486305
1.50514997832
2.47567118832
1.9731278536
1.83884909074
1.07918124605
1.4623979979
0.0
2.32837960344
3.41380251677
1.91381385238
2.09342168516
1.77815125038
1.14612803568
2.29446622616
5.80680341745
2.3856062736
2.00860017176
2.11394335231
2.02530586526
2.717670503
2.8859263398
3.51934225711
1.55630250077
2.12057393121
4.4696158612
2.7259116323
5.53393085559
2.40993312333
2.08635983067
6.23713096229
1.88649072517
2.42813479403
2.80345711565
2.42651126136
1.53147891704
3.17782497186
2.3384564936
2.46538285145
4.28996779169
2.41329976408
2.83821922191
2.78958071216
2.10037054512
2.35218251811
2.18184358794
2.42488163663
2.36548798489
2.83314711191
2.10037054512
1.98227123304
2.9247959958
2.59988307207
2.33445375115
2.75281643119
3.30254737249
4.54670056004
3.1218879851
1.99122607569
1.36172783602
1.7075701761
2.33445375115
2.17609125906
1.98227123304
5.70416527917
2.53147891704
2.5728716022
2.5211380837
2.73319726511
1.44715803134
3.31597034546
1.41497334797
2.02118929907
2.75434833571
2.51587384371
3.97556965789
4.01463812676
3.30963016743
2.14921911266
2.57054293988
2.25042000231
3.75132530307
2.25042000231
1.77815125038
2.38201704257
0.903089986992
2.24054924828
1.0
2.21748394421
1.95904139232
2.4885507165
2.23044892138
2.65513843481
2.47421626408
2.73878055848
1.14612803568
2.2833012287
2.52633927739
2.5921767574
2.17318626841
2.06069784035
2.94151143263
2.8744818177
2.7551122664
3.21932250842
2.46686762035
1.7923916895
2.22010808804
2.57054293988
2.12385164097
1.32221929473
3.14519640611
2.63346845558
2.09691001301
2.57170883181
2.34439227369
1.27875360095
2.90200289135
2.38021124171
2.25767857487
2.18184358794
3.13798673272
2.75663610825
1.53147891704
1.77085201164
1.59106460703
2.56110138365
3.05307844348
2.1303337685
1.81954393554
2.11727129566
2.52244423351
2.12710479836
1.83250891271
0.903089986992
2.69810054562
1.83884909074
0.845098040014
1.41497334797
2.86981820798
3.0580462304
2.70842090013
7.17433130234
2.64933485871
1.7242758696
2.55144999797
2.06445798923
2.02118929907
2.24303804869
2.02118929907
1.44715803134
1.65321251378
4.67564638406
1.38021124171
2.32221929473
2.1303337685
2.29885307641
2.27875360095
2.99431715267
2.28555730901
2.20139712432
2.82085798944
2.75358305889
2.61909333063
1.6232492904
2.2121876044
2.46686762035
2.35602585719
1.86923171973
1
1.4623979979
3.02242837119
2.07918124605
2.7299742857
3.07809415041
2.03742649794
2.06818586175
2.12710479836
5.43769191326
4.51577717595
1.57978359662
5.48589227214
2.0
2.82736927305
2.69108149212
6.47254822759
2.04139268516
2.43775056282
2.38201704257
2.36361197989
2.49831055379
2.21484384805
5.33508543129
2.0170333393
2.66181268554
1.88649072517
2.47712125472
2.75739602879
1.43136376416
2.52762990087
2.90741136077
2.34830486305
2.33243845992
2.65801139666
2.55022835306
2.710963119
2.74115159885
1.11394335231
1.94448267215
3.92345126964
5.23653600193
1.88649072517
2.36735592103
1.78532983501
2.57170883181
2.73798732633
2.64048143697
2.78675142215
3.22349594096
1.57978359662
3.039017322
3.86667714281
2.34242268082
1.95904139232
2.74350976473
2.06445798923
3.15503222879
2.03742649794
2.64048143697
4.94626258823
2.91803033678
1
1.94448267215
2.55870857053
4.41326890963
2.20951501454
2.66275783168
1.92941892571
0.47712125472
2.16136800223
2.13672056716
2.10720996965
2.06069784035
1.90848501888
2.24054924828
2.25042000231
2.35410843915
2.7168377233
2.717670503
2.55750720191
2.9159272117
2.1398790864
1.98227123304
1.78532983501
3.31260043926
2.40823996531
2.17609125906
4.9870827926
2.7075701761
4.39452172267
2.00432137378
3.18977095635
2.22530928173
1.27875360095
2.23552844691
4.4115591025
2.49136169383
2.71600334363
1.94448267215
2.26481782301
2.27875360095
1.63346845558
3.17084820364
6.17744844321
3.88778603484
2.12057393121
1.69019608003
2.64345267649
2.357934847
2.17897694729
6.50118958581
2.13672056716
1.93951925262
2.06445798923
2.44715803134
3.0170333393
5.9030895527
1.92427928606
1.86923171973
2.41664050734
0.954242509439
12.9107689971
4.05309381647
2.61066016309
2.47421626408
1.32221929473
3.17055505852
2.71011736511
1.41497334797
2.15533603747
2.76342799356
1.93449845124
2.38738982634
1.92941892571
10.2657719594
2.08278537032
2.17318626841
1.61278385672
2.74896286126
2.68304703824
2.55630250077
3.7521253073
2.51719589795
1.73239375982
1.66275783168
0.903089986992
2.23552844691
1.88649072517
2.59879050676
2.42488163663
2.64048143697
3.12057393121
3.00216606176
2.61804809671
1
3.79572711877
1.8260748027
4.2821120782
3.25671774598
3.1218879851
2.33445375115
2.44090908207
1.8260748027
2.4623979979
2.68663626926
2.44870631991
1.83884909074
1
2.32014628611
2.28555730901
1.34242268082
1.81954393554
2.06069784035
2.16731733475
2.56820172407
2.810232518
1.80617997398
1.85125834872
2.71264970163
1
0.954242509439
2.22788670461
2.64836001098
1.65321251378
2.59769518593
2.49136169383
2.36548798489
1.49136169383
2.06818586175
1.7075701761
1.88081359228
2.52504480704
2.62634036738
2.32221929473
2.15228834438
2.2121876044
2.3242824553
1.94939000664
0.778151250384
2.00860017176
2.25042000231
2.1105897103
2.26245108973
2.30963016743
5.06640793031
2.63648789635
2.33645973385
2.90848501888
2.38916608436
1.7242758696
2.40823996531
2.27875360095
2.45788189673
1.77815125038
2.07918124605
2.31597034546
2.96331551139
1.7075701761
2.54032947479
2.43616264704
2.64836001098
2.73957234445
1.73239375982
2.55870857053
3.09933527769
1.63346845558
1.95904139232
1.85733249643
3.1296898922
2.70070371715
2.25285303098
1.87506126339
2.0170333393
1.81954393554
1.90848501888
2.02530586526
2.40483371662
1.95904139232
2.63848925695
1.51851393988
1.7075701761
2.33041377335
2.25042000231
1.65321251378
2.43775056282
2.66181268554
2.22010808804
2.51188336098
2.31806333496
2.42488163663
1.55630250077
2.16136800223
1.34242268082
1.94939000664
2.66370092539
2.97173959089
1.04139268516
2.44247976906
2.78675142215
2.50514997832
1.74036268949
2.59659709563
2.51454775266
2.02938377769
2.37291200297
3.84621336388
2.63748972951
3.36623612372
2.34044411484
2.46982201598
2.82865989654
2.93399316383
2.72916478969
1.20411998266
2.03742649794
2.02118929907
2.81822589361
1.77085201164
2.37106786227
3.04532297879
2.00432137378
2.25767857487
5.05760487244
2.41161970596
1.54406804435
4.9222083554
1.78532983501
2.49831055379
1
1.34242268082
2.77670118399
0.301029995664
2.0170333393
4.86692678772
3.05880548668
2.91750550955
1.7923916895
1.99122607569
2.49831055379
2.06445798923
2.1398790864
1.61278385672
2.12057393121
1.90848501888
4.7399993094
2.68394713075
2.33445375115
2.08635983067
3.03342375549
2.43933269383
2.46089784276
2.16136800223
2.98766626493
2.42324587394
2.31806333496
2.55750720191
2.62117628178
2.05307844348
2.56229286446
4.52090386781
2.58546072951
2.31806333496
2.69019608003
2.04139268516
2.63548374681
0.602059991328
2.46982201598
2.84385542262
2.86628733908
2.2121876044
1.32221929473
2.78887511578
2.19312459835
2.14612803568
2.71349054309
1.94448267215
2.07554696139
2.4885507165
2.74663419894
2.66931688057
2.19589965241
1.59106460703
2.45788189673
2.24797326636
1.27875360095
2.19865708695
0.845098040014
6.79979384034
2.60852603358
4.74339059177
1.0
3.85186960073
2.99607365449
2.35024801833
2.60745502321
2.55266821611
2.357934847
2.79518458968
2.58206336291
1.81291335664
2.17897694729
2.33445375115
2.57170883181
1.95424250944
2.29666519026
1.92427928606
13.2064788734
2.58658730467
2.42813479403
2.27415784926
0.845098040014
2.33645973385
3.32837960344
2.79309160018
4.37267638952
1.59106460703
2.61066016309
2.02530586526
2.29885307641
2.2552725051
0.47712125472
3.1152775914
2.60205999133
2.60745502321
1.74818802701
2.45024910832
2.00432137378
3.33425264233
2.06069784035
2.22271647115
2.21484384805
1.71600334363
1.07918124605
2.18469143082
1.80617997398
1.86332286012
3.95193462738
2.4814426285
2.55509444858
3.02407498731
3.2442771208
2.23552844691
1.91381385238
1.97772360529
2.58319877397
2.05690485134
1.53147891704
2.26007138799
1.85733249643
2.67486114074
0.602059991328
2.76492298465
2.90254677931
2.21748394421
2.97220283838
2.68752896121
1.85125834872
3.18892848376
2.63346845558
2.98045789228
3.9322403194
2.47712125472
1.2552725051
1.74036268949
1.07918124605
2.40312052118
2.48429983935
2.29446622616
2.53147891704
0.47712125472
2.06069784035
2.55509444858
2.53402610606
1.61278385672
5.41195035086
2.53402610606
0.0
3.70968370076
2.03742649794
2.64246452024
11.500788151
1.99122607569
4.50656996878
2.10037054512
2.34044411484
2.56937390962
2.9469432707
2.96331551139
2.92839585226
1.0
3.27966694405
2.36361197989
5.12321115599
2.27184160654
2.34635297445
1.85125834872
2.43933269383
2.43933269383
3.1338581252
1.92427928606
3.04375512697
3.31238894937
1.4623979979
2.34044411484
2.10720996965
2.83632411571
2.20682587603
2.19312459835
2.13353890837
2.01283722471
1.68124123738
2.37839790095
2.31597034546
1.2552725051
2.05307844348
2.41497334797
2.19589965241
3.33223641549
2.38738982634
2.07188200731
5.02600304452
2.85186960073
1.63346845558
2.43136376416
2.48713837548
2.46982201598
2.44715803134
3.20425567848
2.61909333063
3.90566098536
1.98227123304
1.23044892138
1.0
1.6232492904
2.27184160654
2.54900326203
1.7923916895
2.61909333063
2.54530711647
0.778151250384
2.26245108973
2.73399928654
1.79934054945
2.44870631991
2.42324587394
3.29025726939
1.61278385672
2.42160392687
0.698970004336
1.66275783168
0.903089986992
1.92941892571
1.68124123738
2.67209785794
2.75663610825
4.52044422829
3.80427576713
2.0170333393
2.3961993471
2.19033169817
2.03742649794
1.30102999566
2.21484384805
2.75281643119
2.37474834601
1.83250891271
6.16956858024
1.96378782735
1.39794000867
3.02734960777
2.55266821611
1.91381385238
1.78532983501
5.77423104017
1
3.08421868674
2.32837960344
2.32633586093
1.63346845558
2.3384564936
3.05880548668
2.81491318128
3.24328614608
2.19033169817
2.02530586526
1.6232492904
2.0170333393
2.42160392687
2.10720996965
1.76342799356
2.27184160654
3.45224657452
2.58206336291
2.67760695272
2.46089784276
2.38916608436
1.65321251378
2.61804809671
3.96834283096
4.33769880596
1.56820172407
2.16136800223
5.62504664728
3.4070508148
2.41497334797
2.56229286446
4.5850092799
1.69019608003
1.63346845558
2.2121876044
2.91423734777
2.58092497568
2.3856062736
2.79934054945
0.0
2.53529412004
1.83884909074
1.07918124605
1.7923916895
2.89209460269
2.22530928173
2.06445798923
0.602059991328
4.79402213276
2.45939248776
2.28555730901
1.64345267649
4.24750191157
3.05115252245
2.46686762035
1.7242758696
2.47421626408
2.14612803568
2.85612444424
2.71600334363
2.73639650228
2.53907609879
0.602059991328
2.23552844691
3.19755621315
3.13353890837
1.7242758696
1.17609125906
1.85125834872
2.29003461136
2.58994960133
2.20139712432
5.93675781373
3.13767053724
2.89209460269
2.20139712432
3.97804349391
3.21245396104
4.9150778208
4.50020902172
5.59845414291
2.55144999797
2.08990511144
2.63848925695
2.23804610313
2.23299611039
0.0
2.16136800223
1.79934054945
2.00860017176
2.65705585286
4.12980263948
2.31597034546
5.07940376495
2.45024910832
2.58319877397
2.10037054512
2.77378644498
2.06818586175
2.70671778234
2.14921911266
3.19089171692
2.63447727016
2.50242711998
2.08635983067
2.85308952985
2.45178643552
2.27875360095
2.02118929907
2.46686762035
2.22010808804
1.11394335231
1.66275783168
2.05307844348
2.4623979979
1.99122607569
2.31806333496
0.845098040014
2.77815125038
0.47712125472
2.42813479403
1.30102999566
3.03981055415
3.05076631123
2.51851393988
2.18469143082
1.77815125038
2.1398790864
1.81291335664
2.17609125906
2.15228834438
1.81954393554
1.0
1.56820172407
1.0
1.61278385672
2.45178643552
2.20951501454
2.70671778234
2.63548374681
2.51587384371
2.49415459402
3.01325866528
1
9.87914355923
1.2552725051
1.92427928606
3.99893902655
5.13599084692
2.57518784493
1.7923916895
2.72263392253
2.2833012287
2.02530586526
2.34635297445
2.35410843915
2.9253120915
3.17405980773
2.40483371662
2.14921911266
2.64443858947
1.32221929473
4.32684769892
8.24515504085
2.05690485134
6.00405942813
2.85672889038
2.3242824553
2.82930377283
2.32221929473
2.1398790864
2.21484384805
2.23552844691
3.10754912974
2.60959440923
2.77232170672
2.03342375549
2.14301480025
2.53781909507
2.45939248776
1.4623979979
1.73239375982
1.36172783602
4.52465571236
2.37657695706
2.26951294422
2.3242824553
3.06892761168
3.55990662504
2.08635983067
2.34830486305
2.75281643119
1.81954393554
2.2552725051
1.81291335664
2.2121876044
7.79376830019
1.2552725051
2.75663610825
3.02978947083
2.45024910832
2.80685802952
2.44560420327
2.59988307207
2.9253120915
2.95472479098
2.55870857053
1.81954393554
2.29003461136
2.64640372622
1.68124123738
2.22788670461
3.19005141776
1.85125834872
1.83884909074
2.43933269383
3.10991586302
3.0881360887
2.61172330801
1.71600334363
2.35024801833
1.59106460703
2.57403126773
2.47275644932
4.9584778758
1.04139268516
2.16136800223
2.1398790864
2.7355988997
18.4697084801
1.38021124171
2.22530928173
1.14612803568
0.778151250384
2.83758843824
1.86332286012
2.82412583392
2.07554696139
2.08635983067
1.2552725051
2.07918124605
2.40993312333
5.49217740094
2.29446622616
2.06069784035
2.88705437805
3.65753388756
2.63447727016
2.26951294422
2.07554696139
1.86923171973
1
3.22659990521
3.02489596011
2.45178643552
1.47712125472
2.41830129132
2.73239375982
2.00432137378
1.17609125906
2.23044892138
1.66275783168
2.48572142648
2.57634135021
2.23044892138
3.30384377489
2.83695673706
2.24551266781
1.66275783168
1.50514997832
2.08990511144
2.09691001301
1.7242758696
1.94448267215
1.84509804001
2.47421626408
2.50379068306
2.27646180417
2.22271647115
3.90291623445
1.74036268949
2.47567118832
2.75358305889
1.9731278536
0.301029995664
2.78816837114
1.85125834872
1.89762709129
2.24303804869
3.68502478511
2.778874472
2.63948648927
11.9477013043
2.78532983501
2.7371926427
2.39794000867
2.07554696139
13.1732698964
3.12613140726
2.81557774832
1.91907809238
1.71600334363
2.08990511144
2.59879050676
3.14736710779
2.74429298312
1.30102999566
2.50514997832
2.32633586093
2.96520170103
2.16731733475
1.07918124605
2.8859263398
6.01009056266
4.1930661317
2.82020145949
2.06069784035
10.6781657445
2.02938377769
2.72015930341
1
2.1105897103
3.57806588384
2.10720996965
1.69019608003
1.88649072517
1.44715803134
1.91907809238
3.05499586153
2.20951501454
5.45062548773
3.68340729913
2.51454775266
2.07554696139
2.60314437262
1.88649072517
1.38021124171
1.04139268516
2.84135947045
2.12385164097
3.66200187939
2.78675142215
2.02938377769
1.49136169383
2.20139712432
3.01241537476
0.47712125472
2.1303337685
2.18752072084
1.27875360095
1.89762709129
2.43456890403
1.41497334797
1.94448267215
3.25983269906
2.1303337685
2.47712125472
2.09691001301
3.09412159584
2.29003461136
2.31806333496
2.54777470539
2.08990511144
1.56820172407
1.23044892138
4.43999232025
2.06445798923
2.5065050324
2.62117628178
2.76342799356
1.92941892571
1.7242758696
4.27675123736
1.84509804001
2.45788189673
3.20951501454
1.97772360529
2.72015930341
2.61384182188
2.92634244663
1.56820172407
2.03342375549
2.45484486001
2.11394335231
2.64933485871
2.86451108106
2.95616843048
2.23044892138
3.56972494923
2.57054293988
1.97772360529
1.66275783168
1.54406804435
2.40654018043
2.32633586093
1.98677173427
2.51587384371
2.92582757462
2.2121876044
2.14921911266
1.85125834872
1.99122607569
4.14854404577
3.12352498094
1.27875360095
0.903089986992
1.92941892571
1.86332286012
1.65321251378
1.76342799356
1.0
4.70978199079
1.77085201164
3.50474263627
2.29225607136
2.06445798923
0.903089986992
2.56937390962
1.93449845124
2.56110138365
2.41161970596
3.20303288701
1.91381385238
2.68663626926
2.38381536598
2.86569605992
1.81954393554
1.2552725051
3.19395897802
2.46389298899
3.08635983067
2.99299509843
2.17318626841
2.24797326636
2.57978359662
2.69810054562
1.51851393988
2.52244423351
3.04453976039
1.68124123738
1.39794000867
1
3.18469143082
1.63346845558
2.14921911266
2.44715803134
3.27737997467
3.26646689544
2.2552725051
2.12057393121
2.51851393988
2.04139268516
2.38381536598
4.29112454661
2.5078558717
2.10380372096
2.40993312333
1.68124123738
2.31175386106
2.24303804869
2.86213137931
2.05307844348
3.10037054512
2.57170883181
9.81186244986
2.38916608436
2.26481782301
2.60422605308
2.80550085816
2.7589118924
1
2.1398790864
2.52504480704
1.07918124605
1.04139268516
2.89652621749
3.39950066131
4.44885621064
2.41830129132
1.96848294855
2.20411998266
2.7075701761
1.39794000867
1.89762709129
4.06677303709
2.55630250077
1.51851393988
1.7242758696
2.72835378202
2.92220627744
2.73798732633
4.48053869992
1.32221929473
1.54406804435
2.10720996965
2.90525604875
1.7242758696
2.7242758696
2.33645973385
2.62634036738
3.50275476578
2.30749603791
2.02530586526
2.88138465677
2.09342168516
3.68868672428
2.24303804869
2.50514997832
1.69019608003
3.34752516
2.92064500141
3.0257153839
2.52762990087
2.99651167215
2.00432137378
4.01232673419
1.43136376416
2.77378644498
2.49968708262
2.4623979979
2.44870631991
2.82412583392
2.27184160654
2.37657695706
4.81906990113
4.02123520777
1.20411998266
2.12057393121
1.69897000434
2.59106460703
2.55388302664
2.21484384805
1.38021124171
1.34242268082
3.12155984419
2.20951501454
2.3856062736
2.23299611039
1.43136376416
2.34830486305
2.688419822
2.2552725051
2.36921585741
1.17609125906
2.27875360095
2.40823996531
2.53781909507
2.89209460269
1.2552725051
2.688419822
2.18184358794
1.07918124605
1.88081359228
2.04139268516
3.7652213663
2.02938377769
2.57403126773
1.93449845124
1.43136376416
3.05918461763
3.14207646107
2.51719589795
2.35410843915
2.19033169817
1.86332286012
2.11394335231
2.30535136945
2.46686762035
2.29225607136
3.32387060654
2.72754125703
2.18469143082
2.90848501888
2.49692964807
2.74350976473
1.74036268949
1.6232492904
2.08278537032
2.82216807937
4.63263340388
3.46164856806
2.68484536164
1.94939000664
2.69372694892
2.84757265914
2.22010808804
1.44715803134
2.52374646681
0.47712125472
2.05307844348
2.79726754083
2.47856649559
2.40654018043
2.7299742857
2.36548798489
2.81557774832
2.91434315712
1.57978359662
1.44715803134
4.39707751254
2.46538285145
2.73878055848
1.68124123738
3.3693272007
1.88081359228
9.54212349263
2.07554696139
2.84385542262
1.11394335231
1.94939000664
1.20411998266
2.65991620007
1.69897000434
1.93449845124
1.89762709129
3.1312977966
2.77085201164
2.7371926427
2.86805636182
2.62013605497
2.33041377335
2.30749603791
2.0170333393
2.90200289135
0.778151250384
4.07543746159
2.14921911266
3.02857125269
1
1.30102999566
3.46864266839
2.35218251811
2.4885507165
2.37291200297
2.33041377335
2.80277372529
2.3909351071
0.47712125472
2.00432137378
3.13767053724
2.59439255038
2.37291200297
1.88081359228
2.56584781867
2.55630250077
3.01325866528
2.93500315145
2.93399316383
1.74036268949
2.80277372529
2.00432137378
2.30319605742
2.717670503
2.45788189673
3.90725008288
2.47275644932
2.42813479403
2.43616264704
2.64738297011
2.75434833571
4.56445892621
2.1303337685
2.45331834005
2.93043959477
2.55266821611
2.23044892138
1
2.97818051694
2.04139268516
5.31011209454
2.11727129566
2.05690485134
2.3384564936
2.71349054309
3.05690485134
7.00834776311
1.75587485567
1.92941892571
2.5078558717
1.78532983501
1.7242758696
2.12057393121
1.68124123738
2.58994960133
2.79588001734
2.83314711191
1.89209460269
1.73239375982
2.06818586175
2.89209460269
2.46089784276
2.08278537032
2.02118929907
5.30820231501
2.2121876044
1.61278385672
1.4623979979
1.96848294855
2.63245729218
1.95904139232
1.4623979979
2.41995574849
2.26951294422
3.04218159452
2.42160392687
3.10482840365
2.0
6.96676488726
2.03342375549
2.44715803134
1.9731278536
3.53882498894
3.5243961221
2.69722934276
3.19200959265
2.70842090013
1.43136376416
2.20139712432
2.3909351071
4.35397390232
1.92941892571
2.19589965241
2.20682587603
2.63948648927
2.29003461136
2.39794000867
1.90848501888
0.47712125472
2.5728716022
2.65030752313
2.17897694729
0.301029995664
2.2552725051
2.02118929907
2.04139268516
2.64443858947
2.51188336098
2.68663626926
1.07918124605
1
2.24797326636
1.88081359228
2.45484486001
2.36548798489
2.80617997398
1.34242268082
2.57518784493
2.47275644932
1.36172783602
2.20411998266
1.2552725051
0.0
2.78604121024
2.17609125906
2.00860017176
1.96378782735
1.43136376416
3.84732583079
2.29885307641
2.02530586526
3.01410032152
5.2851606373
2.72015930341
2.47129171106
2.47275644932
1.96848294855
2.30319605742
2.16435285578
1.83884909074
2.72672720903
2.76267856373
1.92941892571
2.48000694296
2.26245108973
2.06445798923
3.17376882314
3.21005084988
2.08990511144
2.02118929907
6.06060307829
3.11958577496
2.13672056716
2.78031731214
2.81756536956
2.63144376901
1.91907809238
2.82477646248
1.79934054945
2.55630250077
1.64345267649
2.56466606425
1.50514997832
2.0170333393
1.7242758696
2.44560420327
2.21484384805
2.71933128698
2.660865478
1.84509804001
1.96378782735
2.07918124605
3.83155625275
4.51127224636
2.31597034546
2.25285303098
2.42324587394
2.44090908207
1.23044892138
2.70156798506
2.16731733475
1.50514997832
5.48674676808
2.0170333393
2.357934847
2.18752072084
1.95424250944
1.07918124605
2.70329137812
2.99825933842
2.04921802267
1.95424250944
2.98227123304
2.35218251811
3.03059972197
2.50105926222
2.55022835306
2.67942789661
2.18469143082
3.01535975541
2.62838893005
3.68367729882
2.43296929087
1.53147891704
2.15533603747
1.74818802701
2.1398790864
6.43372164136
2.77378644498
2.15228834438
3.47070442972
2.23044892138
1.65321251378
2.21484384805
2.35024801833
2.05307844348
1.84509804001
2.07918124605
2.27875360095
0.903089986992
2.23552844691
4.26726561976
2.43775056282
2.34439227369
2.35410843915
2.84509804001
1.55630250077
2.8790958795
2.18469143082
0.778151250384
4.22911845533
2.20139712432
1.93449845124
2.44870631991
2.09342168516
2.35024801833
2.3384564936
1.49136169383
2.03342375549
2.1303337685
14.1463661978
2.15228834438
2.25285303098
2.27646180417
1.0
2.44404479592
2.06818586175
2.27875360095
2.55388302664
2.58319877397
2.23044892138
2.1398790864
2.15228834438
2.71933128698
1.67209785794
2.51454775266
2.11394335231
2.85247999364
3.59083069317
2.41161970596
2.93094903117
3.67052415778
2.04532297879
2.74585519517
2.10037054512
1.90308998699
2.56110138365
2.40823996531
2.21484384805
2.62221402297
2.36172783602
2.81954393554
2.35410843915
2.02938377769
2.71432975975
2.20682587603
1.81954393554
2.56466606425
4.42258983985
2.21484384805
2.53907609879
2.61909333063
5.51125056743
2.62117628178
1.66275783168
1.53147891704
1.8260748027
1.4623979979
0.903089986992
1.20411998266
1.88649072517
2.5078558717
1.60205999133
1.49136169383
2.55266821611
1
2.07918124605
0.845098040014
2.37474834601
2.35410843915
1.34242268082
1.27875360095
2.59769518593
2.17318626841
2.22010808804
3.07408468903
2.64246452024
2.42324587394
3.10856502373
2.717670503
2.43775056282
2.62117628178
2.54406804435
2.24551266781
3.0795430074
4.83340722805
2.76267856373
2.47129171106
0.845098040014
1.57978359662
1.11394335231
2.40993312333
3.78724788033
2.52891670028
3.98830918804
2.10380372096
2.34439227369
1.20411998266
2.10037054512
2.38738982634
4.44649988698
2.27875360095
2.9758911364
2.16435285578
