2921
2921
1.95904139232
91
2922
2922
2.2671717284
185
2923
3605
2.87390159786
748
2924
2924
2.1583624921
144
2925
3552
2.92788341033
847
2926
2926
1.69019608003
49
2927
2927
4.6533476066
45014
2928
2928
1
0
2929
2929
1
0
2930
2930
2.21748394421
165
2931
2931
2.15533603747
143
2932
2932
2.65896484266
456
2933
2933
1.76342799356
58
2934
2934
2.48713837548
307
2935
2935
2.91803033678
828
2936
2936
3.72631961211
142
2937
2937
0.47712125472
3
2938
2938
2.35410843915
226
2939
2939
2.48287358361
304
2940
2940
1.57978359662
38
2941
2941
1.50514997832
32
2942
2942
0.698970004336
5
2943
2943
3.00389116624
1009
2944
2944
1.7923916895
62
2945
2945
2.8859263398
769
2946
2946
1.99122607569
98
2947
2947
2.18184358794
152
2948
13496
1.74818802701
56
2949
2949
1.91381385238
82
2950
2950
2.37839790095
239
2951
2951
3.34024576157
2189
2952
2952
2.07554696139
119
2953
2953
0.0
1
2954
6484
2.0170333393
104
2955
2955
2.16136800223
145
2956
2956
4.92319219042
420
2957
2957
3.3479151865
2228
2958
2958
2.83947804737
691
2959
2959
2.35218251811
225
2960
2960
2.08278537032
121
2961
2961
2.58206336291
382
2962
2962
1.64345267649
44
2963
2963
1
0
2964
2964
12.3586582926
19445
2965
2965
0.845098040014
7
2966
2966
1.9956351946
99
2967
10717
2.51851393988
330
2968
2968
0.954242509439
9
2969
2969
2.89320675306
782
2970
2970
1.41497334797
26
2971
2971
1.90308998699
80
2972
2972
2.50242711998
318
2973
2973
1.90308998699
80
2974
2974
2.85064623518
709
2975
2975
2.26951294422
186
2976
2976
2.47129171106
296
2977
2977
2.95760728706
907
2978
2978
2.70586371228
508
2979
2979
0.845098040014
7
2980
2980
2.43136376416
270
2981
2981
1.11394335231
13
2982
2982
1.79934054945
63
2983
13496
2.70329137812
505
2984
2984
2.09342168516
124
2985
2985
0.903089986992
8
2986
2986
3.18752072084
1540
2987
2987
2.51188336098
325
2988
2988
2.66181268554
459
2989
2989
0.47712125472
3
2990
2990
0.778151250384
6
2991
2991
1
0
2992
2992
2.02118929907
105
2993
2993
3.15594301797
1432
2994
2994
0.698970004336
5
2995
2995
1.38021124171
24
2996
2996
2.1303337685
135
2997
2997
1.95424250944
90
2998
2998
0.301029995664
2
2999
2999
3.308991029
2037
3000
3000
2.12710479836
134
3001
3001
1.79934054945
63
3002
3002
2.62838893005
425
3003
3003
2.27875360095
190
3004
3004
2.16136800223
145
3005
3005
2.94101424371
873
3006
3006
2.38916608436
245
3007
3007
3.24501887074
1758
3008
3008
2.60959440923
407
3009
3009
1.83250891271
68
3010
3010
3.37548071462
2374
3011
3011
1.80617997398
64
3012
3012
0.301029995664
2
3013
3013
2.12057393121
132
3014
3014
1.53147891704
34
3015
3015
3.68556261116
4848
3016
3016
2.69372694892
494
3017
3017
2.73239375982
540
3018
3018
2.03342375549
108
3019
3019
2.29446622616
197
3020
3020
2.32837960344
213
3021
3021
3.37984917876
2398
3022
3022
2.16136800223
145
3023
3023
0.0
1
3024
3024
3.3697722886
2343
3025
3025
2.73479982959
543
3026
3026
2.88081359228
760
3027
6478
0.698970004336
5
3028
3194
2.19312459835
156
3029
3029
2.73078227567
538
3030
3030
1.74036268949
55
3031
3031
1.85733249643
72
3032
3032
2.31175386106
205
3033
3033
2.04921802267
112
3034
3034
2.88874096068
774
3035
3035
2.45331834005
284
3036
3036
0.301029995664
2
3037
3037
3.20844135644
1616
3038
3038
2.31386722037
206
3039
3039
3.48315920972
3042
3040
7002
1.54406804435
35
3041
3041
1.80617997398
64
3042
3042
2.76117581316
577
3043
3043
2.02938377769
107
3044
3044
1.89209460269
78
3045
3869
2.82801506422
673
3046
3046
2.75281643119
566
3047
3047
1.89762709129
79
3048
3048
1.73239375982
54
3049
3049
2.43616264704
273
3050
3050
0.903089986992
8
3051
3051
1.57978359662
38
3052
3052
2.68033551341
479
3053
3594
3.75694023605
5714
3054
3054
1
0
3055
3055
1.23044892138
17
3056
3056
2.07188200731
118
3057
3057
1.85733249643
72
3058
3058
2.31597034546
207
3059
3059
2.26481782301
184
3060
3060
2.27415784926
188
3061
3061
2.27875360095
190
3062
3062
1.57978359662
38
3063
3063
2.1303337685
135
3064
3206
1.7242758696
53
3065
3065
2.64836001098
445
3066
3066
3.17522180034
1497
3067
3067
0.954242509439
9
3068
3068
0.845098040014
7
3069
3069
1.9731278536
94
3070
3070
2.09691001301
125
3071
3071
1.2552725051
18
3072
3072
2.25285303098
179
3073
3073
1.79934054945
63
3074
3074
1.38021124171
24
3075
3075
2.42651126136
267
3076
3076
3.41547416811
2603
3077
3077
1.96848294855
93
3078
3078
2.93601079572
863
3079
3079
1.66275783168
46
3080
3080
0.47712125472
3
3081
3081
1.36172783602
23
3082
3082
2.48429983935
305
3083
3083
2.35024801833
224
3084
3084
2.89927318732
793
3085
3085
2.28555730901
193
3086
3086
3.47334096419
2974
3087
3087
3.06370855939
1158
3088
3088
1
0
3089
3089
2.20951501454
162
3090
3090
2.36548798489
232
3091
3091
0.698970004336
5
3092
3092
4.18996729835
15487
3093
3093
2.17609125906
150
3094
3094
2.12710479836
134
3095
3095
1.94939000664
89
3096
3096
2.08635983067
122
3097
3097
0.954242509439
9
3098
3098
1.81291335664
65
3099
3099
2.41161970596
258
3100
3100
2.79588001734
625
3101
3101
2.10720996965
128
3102
3102
2.37291200297
236
3103
3103
1.66275783168
46
3104
3104
2.8432327781
697
3105
3105
2.59769518593
396
3106
3106
0.0
1
3107
3107
1.27875360095
19
3108
3108
0.954242509439
9
3109
3109
1.57978359662
38
3110
3110
2.74973631557
562
3111
3111
2.46834733041
294
3112
3112
1.74036268949
55
3113
3113
2.88986172126
776
3114
3114
2.74973631557
562
3115
3115
0.0
1
3116
3116
1.96378782735
92
3117
3117
2.74973631557
562
3118
3118
3.53211711625
3405
3119
3119
2.2833012287
192
3120
25634
1.43136376416
27
3121
3121
0.903089986992
8
3122
3122
0.47712125472
3
3123
3123
1.93951925262
87
3124
3124
4.83856198385
314
3125
3125
0.903089986992
8
3126
3126
2.30749603791
203
3127
3127
1.43136376416
27
3128
3128
0.301029995664
2
3129
12312
1.86332286012
73
3130
3130
1.20411998266
16
3131
3131
2.40823996531
256
3132
3132
0.778151250384
6
3133
3133
2.54406804435
350
3134
3134
2.36921585741
234
3135
3135
1.73239375982
54
3136
3136
2.50514997832
320
3137
3137
2.19589965241
157
3138
3138
5.18802522452
2778
3139
3139
2.33041377335
214
3140
3140
5.15444162453
92
3141
3141
1.7075701761
51
3142
3142
2.93801909748
867
3143
3143
2.04921802267
112
3144
3144
3.24104815067
1742
3145
3145
2.83378437466
682
3146
3146
2.1583624921
144
3147
3147
3.1254812657
1335
3148
3148
0.47712125472
3
3149
3149
1.91907809238
83
3150
3150
2.69548167649
496
3151
3151
2.38738982634
244
3152
3152
0.845098040014
7
3153
3153
1.64345267649
44
3154
11661
3.04099769242
1099
3155
3155
2.10037054512
126
3156
3156
2.05307844348
113
3157
3157
2.43616264704
273
3158
3158
2.02938377769
107
3159
3329
3.45514952118
2852
3160
3160
2.75663610825
571
3161
3161
2.78103693862
604
3162
3162
0.602059991328
4
3163
3163
2.30535136945
202
3164
3164
2.57518784493
376
3165
3165
3.07118215599
51
3166
3166
2.42651126136
267
3167
3167
1.55630250077
36
3168
3168
0.778151250384
6
3169
3169
2.56702636616
369
3170
3170
2.79865064545
629
3171
3171
1.7075701761
51
3172
3172
1.07918124605
12
3173
3173
1.88649072517
77
3174
3174
2.41497334797
260
3175
3175
2.63245729218
429
3176
3176
2.25285303098
179
3177
3177
1.7075701761
51
3178
3178
3.00475115559
1011
3179
3179
2.64246452024
439
3180
3180
0.47712125472
3
3181
3181
2.18469143082
153
3182
3182
2.54530711647
351
3183
3183
3.14395111642
1393
3184
3184
2.7371926427
546
3185
3185
3.01828430843
1043
3186
14318
2.86923171973
740
3187
3187
2.23299611039
171
3188
3188
1.92941892571
85
3189
3189
2.34635297445
222
3190
3190
1.92941892571
85
3191
3191
1.97772360529
95
3192
3192
2.55630250077
360
3193
3193
0.903089986992
8
3194
14436
2.47567118832
299
3195
3195
4.92448707728
394
3196
3196
2.45636603313
286
3197
3197
2.20951501454
162
3198
3198
2.34439227369
221
3199
3199
2.02118929907
105
3200
3200
2.37106786227
235
3201
3201
2.86923171973
740
3202
3202
2.39967372148
251
3203
30882
1.59106460703
39
3204
3204
3.19975517725
1584
3205
3205
2.16136800223
145
3206
3064
1.7075701761
51
3207
3207
1.41497334797
26
3208
3208
0.778151250384
6
3209
3209
2.25042000231
178
3210
3210
2.71432975975
518
3211
3211
0.301029995664
2
3212
3212
0.903089986992
8
3213
3213
2.64640372622
443
3214
3214
2.08278537032
121
3215
3215
0.954242509439
9
3216
3216
2.93550726582
862
3217
3217
2.2671717284
185
3218
3218
3.4151403522
2601
3219
3219
2.83821922191
689
3220
3220
1.51851393988
33
3221
3221
2.43616264704
273
3222
3222
2.28555730901
193
3223
3223
3.20139712432
1590
3224
3224
2.54777470539
353
3225
3225
3.12254352407
1326
3226
3226
2.47567118832
299
3227
3227
3.51904003865
3304
3228
3228
1.8260748027
67
3229
3229
0.47712125472
3
3230
3230
2.717670503
522
3231
3231
1.54406804435
35
3232
3232
3.03181227133
1076
3233
3233
1.04139268516
11
3234
3234
4.64300828439
43955
3235
3235
1.9731278536
94
3236
3236
4.42605558248
26672
3237
3237
1
0
3238
3238
1.54406804435
35
3239
3239
2.59879050676
397
3240
3240
2.33445375115
216
3241
3241
2.28780172993
194
3242
3242
2.59328606702
392
3243
3243
1.50514997832
32
3244
3244
0.301029995664
2
3245
3245
0.778151250384
6
3246
7571
2.17026171539
148
3247
5723
2.07188200731
118
3248
3248
1.23044892138
17
3249
3249
2.22530928173
168
3250
3250
2.35602585719
227
3251
3251
0.698970004336
5
3252
3252
2.31175386106
205
3253
3253
1.64345267649
44
3254
3254
1.89762709129
79
3255
3255
2.23044892138
170
3256
3256
2.43456890403
272
3257
3257
0.845098040014
7
3258
3258
0.845098040014
7
3259
3259
2.85064623518
709
3260
20144
2.28103336725
191
3261
3261
2.47275644932
297
3262
3262
0.778151250384
6
3263
3263
1
0
3264
3264
1.07918124605
12
3265
11959
1.56820172407
37
3266
3266
1.93951925262
87
3267
3267
2.55388302664
358
3268
3268
3.00389116624
1009
3269
3269
1
0
3270
3270
2.17318626841
149
3271
3271
0.954242509439
9
3272
3272
0.0
1
3273
3273
2.90955602924
812
3274
3274
2.29666519026
10
3275
3275
1.04139268516
11
3276
3276
2.58771096502
387
3277
3277
3.77517338542
5959
3278
3278
0.47712125472
3
3279
3279
2.95327633667
898
3280
3280
2.07188200731
118
3281
3281
2.59439255038
393
3282
3282
2.30535136945
202
3283
3283
3.08635983067
1220
3284
3284
3.00259798072
1006
3285
3285
4.21176109371
472
3286
3286
2.69196510277
492
3287
3287
3.00259798072
1006
3288
3288
2.8494194138
707
3289
3289
2.05307844348
113
3290
3290
2.30535136945
202
3291
3291
2.3909351071
246
3292
8808
2.91062440489
814
3293
3293
2.08990511144
123
3294
3294
3.00259798072
1006
3295
3295
0.778151250384
6
3296
3296
7.74245089607
1472
3297
3297
1.69019608003
49
3298
3298
1.89762709129
79
3299
3299
1.0
10
3300
3300
1.61278385672
41
3301
3301
3.00259798072
1006
3302
33606
3.47581641303
2991
3303
3303
2.63848925695
435
3304
3304
3.00259798072
1006
3305
3305
2.75050839485
563
3306
3306
1
0
3307
3307
0.698970004336
5
3308
3308
1.90848501888
81
3309
3309
2.45484486001
285
3310
3310
3.00259798072
1006
3311
3311
0.301029995664
2
3312
3312
1.04139268516
11
3313
3313
0.698970004336
5
3314
3314
2.06818586175
117
3315
3315
1.86332286012
73
3316
3316
1.85733249643
72
3317
3317
3.7521253073
5651
3318
3318
0.845098040014
7
3319
3319
0.301029995664
2
3320
3320
3.38021124171
2400
3321
3321
0.301029995664
2
3322
3322
1.85733249643
72
3323
20272
3.17782497186
1506
3324
3324
1.76342799356
58
3325
11959
2.26007138799
182
3326
3326
3.28035069305
1907
3327
3327
1.64345267649
44
3328
3328
2.27875360095
190
3329
3329
1.88081359228
76
3330
3330
1.64345267649
44
3331
3331
2.08990511144
123
3332
3332
3.00259798072
1006
3333
3333
2.11394335231
130
3334
3334
0.778151250384
6
3335
3335
2.30102999566
200
3336
3336
3.26764098235
1852
3337
3337
0.698970004336
5
3338
3338
3.1105897103
1290
3339
3339
2.53655844257
344
3340
3340
0.698970004336
5
3341
3341
2.87215627275
745
3342
3342
1.56820172407
37
3343
3343
3.26974637313
1861
3344
3344
1.96848294855
93
3345
3345
2.63346845558
430
3346
3346
2.18184358794
152
3347
3347
3.01029995664
1024
3348
3348
1.47712125472
30
3349
3349
1.63346845558
43
3350
3350
2.91115760874
815
3351
3351
2.85247999364
712
3352
3352
1.80617997398
64
3353
3353
2.16136800223
145
3354
3354
2.57863920997
379
3355
3355
1.9731278536
94
3356
3356
1.49136169383
31
3357
3357
2.31386722037
206
3358
3358
2.30749603791
203
3359
3359
2.14612803568
140
3360
3360
1.71600334363
52
3361
3361
9.20428118559
825
3362
3362
2.30535136945
202
3363
3363
0.602059991328
4
3364
3364
2.717670503
522
3365
3365
2.74585519517
557
3366
3366
5.1985740683
1178
3367
3367
2.59549622183
394
3368
3368
2.30749603791
203
3369
3369
1
0
3370
3370
2.18752072084
154
3371
3371
2.93094903117
853
3372
3372
3.49789674291
3147
3373
3373
3.28171497003
1913
3374
3374
1.49136169383
31
3375
3375
0.47712125472
3
3376
3376
1.43136376416
27
3377
3377
3.6924944075
4926
3378
3378
1
0
3379
3379
3.62879748557
4254
3380
3380
1.17609125906
15
3381
3381
2.20951501454
162
3382
3382
5.89124539541
1631
3383
3383
1.63346845558
43
3384
3384
2.55870857053
362
3385
3296
2.55509444858
359
3386
3386
0.301029995664
2
3387
3387
2.49968708262
316
3388
3388
2.43775056282
274
3389
3389
0.602059991328
4
3390
3390
0.698970004336
5
3391
3391
3.45469244924
2849
3392
3392
2.41497334797
260
3393
3393
0.903089986992
8
3394
3394
2.1583624921
144
3395
12480
2.83884909074
690
3396
3396
0.903089986992
8
3397
3397
3.75457765604
5683
3398
3398
2.09342168516
124
3399
3399
1.67209785794
47
3400
3400
2.81624129999
655
3401
3401
3.47596158919
2992
3402
3402
2.88195497134
762
3403
3403
0.778151250384
6
3404
3404
1.2552725051
18
3405
3405
1.85733249643
72
3406
3406
0.845098040014
7
3407
3407
2.32221929473
210
3408
3408
2.55022835306
355
3409
3409
2.1583624921
144
3410
3410
2.357934847
228
3411
3411
2.39967372148
251
3412
3412
2.59106460703
390
3413
3413
2.4623979979
290
3414
3414
3.16465021593
1461
3415
3415
1.71600334363
52
3416
3416
2.74507479158
556
3417
3417
2.61804809671
415
3418
3418
0.903089986992
8
3419
4055
111.021282046
128
3420
3420
1.4623979979
29
3421
3421
0.698970004336
5
3422
3422
3.67024585307
4680
3423
3423
1.56820172407
37
3424
3424
2.37291200297
236
3425
3425
1.98227123304
96
3426
3426
2.70500795933
507
3427
3427
1.95904139232
91
3428
3428
2.12385164097
133
3429
3429
2.95036485438
892
3430
3430
1
0
3431
3431
2.41161970596
258
3432
3432
2.76566855476
583
3433
3433
1.4623979979
29
3434
3434
1.6232492904
42
3435
3435
2.19312459835
156
3436
3436
3.19451434188
1565
3437
3437
3.5243961221
3345
3438
3438
1.55630250077
36
3439
15492
1.74818802701
56
3440
3440
0.698970004336
5
3441
3441
0.778151250384
6
3442
3442
1.04139268516
11
3443
3443
5.67194259301
836
3444
3444
2.00860017176
102
3445
3445
2.43616264704
273
3446
3446
2.63848925695
435
3447
3447
2.30963016743
204
3448
3448
0.602059991328
4
3449
3449
2.31597034546
207
3450
3450
1.61278385672
41
3451
3451
3.308991029
2037
3452
3452
2.66181268554
459
3453
7571
2.86272752832
729
3454
3454
1.6232492904
42
3455
3455
1.91907809238
83
3456
3456
1.54406804435
35
3457
3457
2.56348108539
366
3458
3458
2.22271647115
167
3459
3459
2.0170333393
104
3460
3460
2.69460519893
495
3461
3461
2.70671778234
509
3462
3462
2.37106786227
235
3463
3463
3.65494622658
4518
3464
3464
2.05307844348
113
3465
3465
2.03342375549
108
3466
3466
0.47712125472
3
3467
3467
1.74036268949
55
3468
3468
1.38021124171
24
3469
3469
0.602059991328
4
3470
3470
7.12198733402
5696
3471
3471
2.31597034546
207
3472
3472
1.43136376416
27
3473
3473
2.29885307641
199
3474
3474
1.4623979979
29
3475
3475
2.65030752313
447
3476
3476
0.698970004336
5
3477
31425
1.50514997832
32
3478
3478
1.27875360095
19
3479
3479
2.21484384805
164
3480
3480
2.32221929473
210
3481
3481
2.47275644932
297
3482
3482
2.16136800223
145
3483
3483
3.73455982158
5427
3484
3484
2.50379068306
319
3485
3485
2.1398790864
138
3486
3486
0.778151250384
6
3487
3487
2.29885307641
199
3488
3488
0.301029995664
2
3489
3489
2.63144376901
428
3490
3490
0.845098040014
7
3491
3491
1.95904139232
91
3492
3492
2.7923916895
620
3493
3493
2.83758843824
688
3494
3494
2.20951501454
162
3495
3495
2.45484486001
285
3496
3496
1.63346845558
43
3497
3497
2.65513843481
452
3498
3498
2.84447717575
699
3499
3499
1.69897000434
50
3500
3500
2.17318626841
149
3501
50635
2.16136800223
145
3502
3502
2.30963016743
204
3503
3503
1.91907809238
83
3504
3504
1.0
10
3505
3505
6.71855524578
238
3506
3506
2.91750550955
827
3507
3507
2.62221402297
419
3508
3508
1.39794000867
25
3509
14523
2.37291200297
236
3510
3510
2.31175386106
205
3511
3511
1.96848294855
93
3512
3512
6.11428109537
149
3513
3513
1.9731278536
94
3514
3514
3.11226976842
1295
3515
3515
1.57978359662
38
3516
3516
1
0
3517
3517
2.04532297879
111
3518
3518
1.04139268516
11
3519
3519
2.54777470539
353
3520
3520
4.7957458865
317
3521
3521
2.24551266781
176
3522
3522
2.50514997832
320
3523
3523
1.90308998699
80
3524
3524
2.16136800223
145
3525
3525
3.29490691061
1972
3526
3526
2.84571801797
701
3527
3527
1.43136376416
27
3528
3528
2.15228834438
142
3529
3529
1
0
3530
3530
2.20139712432
159
3531
3531
3.28397928424
1923
3532
3532
1.56820172407
37
3533
3533
3.34143452458
2195
3534
3534
1.76342799356
58
3535
3535
0.0
1
3536
3536
2.35410843915
226
3537
3537
2.49554433755
313
3538
3538
2.09691001301
125
3539
3539
2.42160392687
264
3540
3540
2.08278537032
121
3541
20229
3.28824922557
1942
3542
3542
0.778151250384
6
3543
3543
2.42160392687
264
3544
3544
1.76342799356
58
3545
3545
2.70329137812
505
3546
3546
3.65030752313
4470
3547
3547
2.01283722471
103
3548
3548
3.0913151597
1234
3549
6574
2.25767857487
181
3550
3550
1.04139268516
11
3551
3551
1.81954393554
66
3552
2925
1.80617997398
64
3553
3553
3.24229290498
1747
3554
3554
2.43616264704
273
3555
3555
3.24674470972
1765
3556
3556
3.64914006414
4458
3557
3557
0.954242509439
9
3558
3558
3.12385164097
1330
3559
3559
2.62221402297
419
3560
3560
1.14612803568
14
3561
3561
2.60959440923
407
3562
3562
1.60205999133
40
3563
3563
2.40993312333
257
3564
3564
3.18355453362
1526
3565
3565
2.88195497134
762
3566
3566
2.34635297445
222
3567
3567
0.845098040014
7
3568
3568
0.954242509439
9
3569
5214
0.47712125472
3
3570
3570
1.47712125472
30
3571
3571
3.29490691061
1972
3572
3572
3.00732095292
1017
3573
3573
2.48000694296
302
3574
10689
1.77085201164
59
3575
3575
2.06445798923
116
3576
3576
2.67209785794
470
3577
3577
2.75815462197
573
3578
3578
1.57978359662
38
3579
3579
1.04139268516
11
3580
3580
2.28780172993
194
3581
3581
2.50920252233
323
3582
3582
2.06445798923
116
3583
2956
2.8228216453
665
3584
3584
1.89209460269
78
3585
3585
2.39967372148
251
3586
3586
2.84198480459
695
3587
3296
3.06520612805
1162
3588
3588
2.55266821611
357
3589
3589
3.16494737262
1462
3590
3590
2.3242824553
211
3591
3591
2.1105897103
129
3592
3592
3.46538285145
2920
3593
3593
2.57518784493
376
3594
3594
6.33027607611
1248
3595
3595
1.17609125906
15
3596
3596
2.30319605742
201
3597
3597
1.66275783168
46
3598
3598
1.20411998266
16
3599
3599
0.47712125472
3
3600
3600
1.86332286012
73
3601
3601
0.698970004336
5
3602
3602
2.66181268554
459
3603
3603
1.38021124171
24
3604
3604
2.30963016743
204
3605
4499
4.6718612416
314
3606
3606
1.75587485567
57
3607
3607
2.51054501021
324
3608
3608
0.301029995664
2
3609
3609
2.8859263398
769
3610
3610
0.0
1
3611
3611
2.14921911266
141
3612
3612
2.44870631991
281
3613
3613
3.69346312722
4937
3614
3614
1.4623979979
29
3615
4609
1.20411998266
16
3616
3616
3.31111784266
2047
3617
3617
2.53147891704
340
3618
3618
2.58206336291
382
3619
3619
2.49136169383
310
3620
3620
3.05918461763
1146
3621
3621
2.42651126136
267
3622
3622
2.09691001301
125
3623
3623
1.38021124171
24
3624
3624
0.0
1
3625
3625
2.30749603791
203
3626
3626
3.15806079394
1439
3627
3627
7.81653744618
773
3628
3628
1
0
3629
3629
1.78532983501
61
3630
3630
2.60097289569
399
3631
3631
2.56584781867
368
3632
3632
2.92376196083
839
3633
3633
2.51188336098
325
3634
3634
3.55108386519
3557
3635
3635
2.51719589795
329
3636
3636
2.38738982634
244
3637
3637
1.75587485567
57
3638
3638
1.32221929473
21
3639
3639
0.845098040014
7
3640
4515
2.30535136945
202
3641
3641
1.55630250077
36
3642
3642
0.47712125472
3
3643
3643
1
0
3644
3644
2.76641284711
584
3645
3645
2.49968708262
316
3646
3646
2.39794000867
250
3647
3647
1.98677173427
97
3648
3648
2.88081359228
760
3649
3649
2.27646180417
189
3650
3650
0.602059991328
4
3651
3651
1.67209785794
47
3652
3652
2.88081359228
760
3653
3653
4.22695029231
2162
3654
3654
0.602059991328
4
3655
3655
2.12710479836
134
3656
3656
2.80482067872
638
3657
3657
1.38021124171
24
3658
3658
2.21748394421
165
3659
3659
2.31806333496
208
3660
3660
1.17609125906
15
3661
3661
1.6232492904
42
3662
3662
2.1105897103
129
3663
3663
2.62221402297
419
3664
3664
2.54406804435
350
3665
3665
0.903089986992
8
3666
3666
1.51851393988
33
3667
3667
3.04178731897
1101
3668
3668
1.86332286012
73
3669
3669
3.1338581252
1361
3670
3670
0.903089986992
8
3671
3671
2.14301480025
139
3672
3672
3.15775888605
1438
3673
3673
1.98677173427
97
3674
3674
2.90633504181
806
3675
3675
0.47712125472
3
3676
3676
2.40483371662
254
3677
3677
2.57518784493
376
3678
3678
2.59106460703
390
3679
3679
2.04532297879
111
3680
3680
2.30319605742
201
3681
3681
2.26007138799
182
3682
3682
0.0
1
3683
3683
1.74036268949
55
3684
3684
2.34242268082
220
3685
3685
1.23044892138
17
3686
3686
2.13672056716
137
3687
3366
2.65030752313
447
3688
3688
1.23044892138
17
3689
3689
3.44672351957
222
3690
3690
273.048798351
12476
3691
3691
2.45024910832
282
3692
3692
2.05690485134
114
3693
3693
3.22600669473
79
3694
3694
99.9244373947
9945
3695
3695
1.63346845558
43
3696
3696
3.84726410177
201
3697
3697
1
0
3698
3698
2.19312459835
156
3699
3699
2.06069784035
115
3700
3700
2.05307844348
113
3701
3701
1
0
3702
4664
1.27875360095
19
3703
3703
2.74193907773
552
3704
3704
1.43136376416
27
3705
3705
2.72098574415
526
3706
3706
2.02530586526
106
3707
3707
2.19312459835
156
3708
3708
1.96848294855
93
3709
3709
1
0
3710
3710
1.86923171973
74
3711
3711
1.94448267215
88
3712
3712
0.47712125472
3
3713
30753
0.698970004336
5
3714
3714
0.954242509439
9
3715
3715
1.76342799356
58
3716
3716
1.04139268516
11
3717
3717
2.36735592103
233
3718
3718
2.76937732608
588
3719
3719
3.80345711565
6360
3720
3720
1.96378782735
92
3721
3721
2.7589118924
574
3722
3722
2.1398790864
138
3723
3723
1.63346845558
43
3724
3724
3.24993175663
1778
3725
3725
0.778151250384
6
3726
9503
2.58658730467
386
3727
3727
2.18184358794
152
3728
3728
3.60216855138
4001
3729
3729
2.47421626408
298
3730
3730
2.27875360095
190
3731
3731
2.76417613239
581
3732
3732
2.39794000867
250
3733
3733
2.15533603747
143
3734
3734
1.39794000867
25
3735
3735
2.36361197989
231
3736
3736
1.98677173427
97
3737
3737
1.89762709129
79
3738
3738
2.41830129132
262
3739
3739
2.49276038903
311
3740
3740
0.47712125472
3
3741
3741
2.58092497568
381
3742
3742
2.7355988997
544
3743
3743
2.33243845992
215
3744
3744
4.55114002559
281
3745
3745
1.60205999133
40
3746
3746
0.698970004336
5
3747
3747
0.903089986992
8
3748
14318
2.71349054309
517
3749
3749
2.49554433755
313
3750
3750
1.2552725051
18
3751
3751
2.02530586526
106
3752
3752
2.1583624921
144
3753
3753
2.31597034546
207
3754
3754
0.0
1
3755
3755
0.602059991328
4
3756
3756
2.73878055848
548
3757
3757
1.93951925262
87
3758
3758
0.698970004336
5
3759
3759
2.28555730901
193
3760
3760
1.96848294855
93
3761
3761
1.69897000434
50
3762
3762
6.38546813526
5204
3763
3763
0.903089986992
8
3764
3764
0.845098040014
7
3765
3765
2.58546072951
385
3766
3766
2.84198480459
695
3767
3767
1.85125834872
71
3768
3768
2.32221929473
210
3769
3769
2.14301480025
139
3770
3770
1
0
3771
3771
2.22010808804
166
3772
3772
0.954242509439
9
3773
3773
4.01790106083
208
3774
3774
2.66651798055
464
3775
3775
2.13353890837
136
3776
3776
2.23552844691
172
3777
3777
21.548065952
1627
3778
3778
2.65991620007
457
3779
3779
1.30102999566
20
3780
3328
4.7424768921
869
3781
3781
2.82994669594
676
3782
3782
2.80617997398
640
3783
3783
2.30749603791
203
3784
3784
0.845098040014
7
3785
3785
2.9890046157
975
3786
3786
0.778151250384
6
3787
3787
2.688419822
488
3788
3788
1
0
3789
3789
2.40654018043
255
3790
3790
2.83821922191
689
3791
3791
0.845098040014
7
3792
3792
3.0244856677
1058
3793
3793
3.30362797638
2012
3794
3794
1.04139268516
11
3795
3795
2.29446622616
197
3796
3796
0.602059991328
4
3797
3797
0.778151250384
6
3798
3798
0.845098040014
7
3799
3799
2.3909351071
246
3800
3694
2.36735592103
233
3801
3801
2.45331834005
284
3802
3802
0.0
1
3803
3803
2.17026171539
148
3804
3804
1.39794000867
25
3805
3805
1.63346845558
43
3806
3806
2.2121876044
163
3807
3807
2.45331834005
284
3808
3808
1
0
3809
3809
3.45833562599
2873
3810
3810
1.23044892138
17
3811
3811
1.93951925262
87
3812
3812
1.04139268516
11
3813
3813
1.71600334363
52
3814
3814
3.29490691061
1972
3815
3815
3.70952435588
5123
3816
3816
0.698970004336
5
3817
3817
1.0
10
3818
3818
4.63593590144
961
3819
3819
2.76492298465
582
3820
3820
2.13353890837
136
3821
3821
1.87506126339
75
3822
3822
2.9890046157
975
3823
3823
0.602059991328
4
3824
3824
2.29003461136
195
3825
3825
2.70926996098
512
3826
3826
3.06258198423
1155
3827
3827
1.80617997398
64
3828
3828
0.903089986992
8
3829
3829
0.778151250384
6
3830
3830
2.53907609879
346
3831
3831
1.59106460703
39
3832
3694
2.29446622616
197
3833
3833
2.42813479403
268
3834
3834
1.30102999566
20
3835
3835
2.07918124605
120
3836
3836
2.652246341
449
3837
3837
32.4088964713
6255
3838
3838
0.845098040014
7
3839
3839
2.35602585719
227
3840
3840
1.75587485567
57
3841
3841
3.11226976842
1295
3842
3842
3.1254812657
1335
3843
3843
0.602059991328
4
3844
3844
1.54406804435
35
3845
30329
2.13353890837
136
3846
3846
3.36097188373
2296
3847
3847
1.47712125472
30
3848
4385
2.61066016309
408
3849
3849
2.778874472
601
3850
3850
2.46538285145
292
3851
3851
1.41497334797
26
3852
3852
3.37272794089
2359
3853
3853
2.29666519026
198
3854
3694
1.94939000664
89
3855
3855
2.11394335231
130
3856
3856
2.47421626408
298
3857
3857
2.03342375549
108
3858
3858
2.46089784276
289
3859
3859
2.63548374681
432
3860
3860
7.25672129823
907
3861
3861
2.16731733475
147
3862
3653
1.41497334797
26
3863
3863
3.20357677498
1598
3864
3864
3.09725730969
1251
3865
3865
2.25042000231
178
3866
3866
2.43775056282
274
3867
3867
1.75587485567
57
3868
3868
1.69897000434
50
3869
3045
2.46982201598
295
3870
3870
1
0
3871
3871
2.36172783602
230
3872
3872
2.03342375549
108
3873
3873
3.32586443662
543
3874
3874
2.25042000231
178
3875
3694
2.04532297879
111
3876
3876
1.94939000664
89
3877
3877
3.11159852488
1293
3878
3878
2.06445798923
116
3879
3879
2.73639650228
545
3880
3880
1.98227123304
96
3881
3881
0.903089986992
8
3882
3694
1.74818802701
56
3883
3883
3.85128281532
97
3884
3884
2.32837960344
213
3885
3885
2.24303804869
175
3886
3886
2.41830129132
262
3887
3887
2.13353890837
136
3888
3888
2.9951962916
989
3889
3889
3.37309598708
2361
3890
3890
1.56820172407
37
3891
3891
2.06069784035
115
3892
3694
2.10720996965
128
3893
3893
2.51587384371
328
3894
3694
1.8260748027
67
3895
3895
2.34439227369
221
3896
3694
2.10720996965
128
3897
3897
0.903089986992
8
3898
3898
0.778151250384
6
3899
3899
3.03462845663
1083
3900
3900
2.77670118399
598
3901
3694
2.16435285578
146
3902
3902
1.9731278536
94
3903
3903
0.698970004336
5
3904
3904
3.11293997608
1297
3905
3905
3.12385164097
1330
3906
3412
1.83250891271
68
3907
3907
2.17318626841
149
3908
3908
2.10720996965
128
3909
3909
3.17782497186
1506
3910
3910
0.47712125472
3
3911
3911
3.08955188289
1229
3912
3912
1.8260748027
67
3913
3913
3.01994668168
1047
3914
3914
2.93951925262
870
3915
3915
72.8694888989
3244
3916
3916
1.47712125472
30
3917
3917
0.0
1
3918
3694
2.23044892138
170
3919
3919
2.35983548234
229
3920
3920
0.301029995664
2
3921
3921
1.44715803134
28
3922
3627
3.06295783408
1156
3923
3923
1.85125834872
71
3924
3924
3.30877777366
2036
3925
3694
2.18469143082
153
3926
3926
1.0
10
3927
4523
1.90848501888
81
3928
14346
2.07918124605
120
3929
3929
1.11394335231
13
3930
3930
0.602059991328
4
3931
3931
2.21484384805
164
3932
3932
1.66275783168
46
3933
3933
2.91062440489
814
3934
3694
2.20411998266
160
3935
3935
2.57634135021
377
3936
3936
1.20411998266
16
3937
3937
4.01367969729
120
3938
3938
2.27184160654
187
3939
3939
1.41497334797
26
3940
3940
1.95424250944
90
3941
3941
3.30578115125
2022
3942
3942
2.26951294422
186
3943
3943
2.23044892138
170
3944
3944
2.7259116323
532
3945
3945
2.27415784926
188
3946
3946
2.20682587603
161
3947
3947
2.84385542262
698
3948
3948
3.46775605124
2936
3949
3949
2.63648789635
433
3950
3950
1.34242268082
22
3951
3951
2.25767857487
181
3952
3952
1.23044892138
17
3953
3953
3.43917473984
2749
3954
3954
2.9951962916
989
3955
3955
1.7923916895
62
3956
3956
2.98000337158
955
3957
3957
0.602059991328
4
3958
3958
6.05736290466
12271
3959
3959
1
0
3960
4698
0.698970004336
5
3961
3274
1.81954393554
66
3962
3962
7.36247402628
1730
3963
3963
1.38021124171
24
3964
3964
1.83250891271
68
3965
3694
2.26245108973
183
3966
3966
1.4623979979
29
3967
3967
2.05307844348
113
3968
3968
2.688419822
488
3969
3969
2.26245108973
183
3970
3970
3.49609899213
3134
3971
3971
2.90955602924
812
3972
3972
2.75434833571
568
3973
3973
2.63042787503
427
3974
3974
2.40312052118
253
3975
3975
0.698970004336
5
3976
3976
2.30749603791
203
3977
20144
14.961978571
106
3978
3978
0.301029995664
2
3979
3979
2.04921802267
112
3980
3980
2.82801506422
673
3981
3981
2.94448267215
880
3982
3982
2.86033800657
725
3983
3983
4.85201910423
63
3984
3984
0.602059991328
4
3985
3985
2.5301996982
339
3986
3694
2.17318626841
149
3987
3987
3.24328614608
1751
3988
3988
1.71600334363
52
3989
3989
2.52891670028
338
3990
3990
2.64640372622
443
3991
3991
3.20736503747
1612
3992
3992
2.24551266781
176
3993
3993
2.56584781867
368
3994
3994
1.55630250077
36
3995
3995
2.90741136077
808
3996
3996
2.79448804666
623
3997
3997
2.60205999133
400
3998
3998
1.73239375982
54
3999
3999
0.845098040014
7
4000
3694
2.00860017176
102
4001
4001
2.36548798489
232
4002
4002
2.44715803134
280
4003
4003
1
0
4004
4004
0.698970004336
5
4005
13189
1.30102999566
20
4006
4006
2.28103336725
191
4007
4007
4.20035794554
15862
4008
4008
1.61278385672
41
4009
4009
3.53339070802
3415
4010
4010
0.602059991328
4
4011
4587
3.13830269817
1375
4012
4012
2.53781909507
345
4013
3694
2.03342375549
108
4014
4014
1.75587485567
57
4015
4015
2.79865064545
629
4016
11959
3.22942584792
1696
4017
4017
2.20682587603
161
4018
4018
2.08990511144
123
4019
4019
3.06107532363
1151
4020
4020
1.65321251378
45
4021
4021
2.69284691928
493
4022
4022
2.83122969387
678
4023
4023
0.602059991328
4
4024
4024
0.301029995664
2
4025
4025
4.57246498659
1175
4026
4026
2.96941591235
932
4027
4027
2.60097289569
399
4028
4028
2.93701610746
865
4029
3694
2.54282542696
349
4030
4030
0.698970004336
5
4031
4031
3.0350292822
1084
4032
3627
2.91115760874
815
4033
4033
2.70243053645
504
4034
4034
2.57518784493
376
4035
4035
2.0170333393
104
4036
4036
3.03382569395
1081
4037
4037
2.81157500587
648
4038
4038
2.07188200731
118
4039
4039
1.0
10
4040
4040
2.36361197989
231
4041
4041
2.04532297879
111
4042
3694
1.86332286012
73
4043
3694
2.05307844348
113
4044
4044
1.34242268082
22
4045
4045
2.18752072084
154
4046
4046
2.06445798923
116
4047
4047
2.91750550955
827
4048
4048
1.69019608003
49
4049
31425
2.23299611039
171
4050
4050
2.91222205653
817
4051
4051
2.05690485134
114
4052
4052
2.20682587603
161
4053
34036
3.0580462304
1143
4054
4054
1.60205999133
40
4055
3419
5.55697152252
360555
4056
4056
1
0
4057
3958
2.49136169383
310
4058
3915
2.46686762035
293
4059
4059
0.954242509439
9
4060
4060
3.17551181336
1498
4061
4061
1
0
4062
4062
2.46389298899
291
4063
3915
2.1303337685
135
4064
4064
1.44715803134
28
4065
4065
0.698970004336
5
4066
4066
1.98227123304
96
4067
4067
1.44715803134
28
4068
4068
2.96520170103
923
4069
4069
2.22010808804
166
4070
4070
1.27875360095
19
4071
4071
0.845098040014
7
4072
4072
1
0
4073
4073
2.04532297879
111
4074
4074
0.602059991328
4
4075
4075
2.55990662504
363
4076
4076
2.55750720191
361
4077
4077
1.43136376416
27
4078
4078
1.34242268082
22
4079
4079
0.698970004336
5
4080
4080
2.50105926222
317
4081
4081
2.43933269383
275
4082
4082
2.23552844691
172
4083
4083
3.09482038035
1244
4084
4084
3.0244856677
1058
4085
4085
2.82020145949
661
4086
4086
0.778151250384
6
4087
4087
2.67851837904
477
4088
4088
1.2552725051
18
4089
4089
1
0
4090
4090
2.61278385672
410
4091
4091
3.43104194534
2698
4092
4092
1
0
4093
4093
2.69460519893
495
4094
4737
3.03622954409
1087
4095
4095
2.07918124605
120
4096
4096
1.95424250944
90
4097
4097
2.7355988997
544
4098
4098
3.32817566144
2129
4099
4099
2.24797326636
177
4100
4100
3.70714418834
5095
4101
4101
1.36172783602
23
4102
4102
0.778151250384
6
4103
3690
2.18752072084
154
4104
4104
2.78887511578
615
4105
4105
2.80617997398
640
4106
4106
2.79657433321
626
4107
4107
3.08635983067
1220
4108
4108
2.92634244663
844
4109
4109
3.1386184339
1376
4110
4110
3.16465021593
1461
4111
4111
1.14612803568
14
4112
4112
1.71600334363
52
4113
4113
7.6790464222
3264
4114
4114
2.2121876044
163
4115
4115
1.55630250077
36
4116
4116
0.602059991328
4
4117
4117
2.74193907773
552
4118
4118
1.56820172407
37
4119
5071
2.357934847
228
4120
4120
2.08635983067
122
4121
4121
0.602059991328
4
4122
4122
2.86153441086
727
4123
4123
1.32221929473
21
4124
4124
3.40636983547
2549
4125
4125
3.02160271603
1051
4126
4126
1.86332286012
73
4127
4127
3.24353410183
1752
4128
4128
0.698970004336
5
4129
4129
4.47809298643
348
4130
35629
1.04139268516
11
4131
4131
2.90254677931
799
4132
4132
1.50514997832
32
4133
4133
3.56383691866
3663
4134
4134
1.60205999133
40
4135
4135
1.93951925262
87
4136
4136
2.62221402297
419
4137
4137
2.44560420327
279
4138
4138
1.87506126339
75
4139
4139
2.80888586736
644
4140
3980
3.28936595152
1947
4141
4141
2.12710479836
134
4142
3837
2.651278014
448
4143
4143
3.19920647916
1582
4144
4144
1.07918124605
12
4145
4145
3.78024528387
6029
4146
4146
2.40312052118
253
4147
4147
2.56348108539
366
4148
4148
1
0
4149
4149
1.63346845558
43
4150
3694
2.03742649794
109
4151
4151
3.19200959265
1556
4152
4152
2.22788670461
169
4153
4153
0.903089986992
8
4154
4154
1
0
4155
4155
1.27875360095
19
4156
4156
2.65705585286
454
4157
4157
0.602059991328
4
4158
4158
2.29446622616
197
4159
3915
2.46089784276
289
4160
4160
1.92941892571
85
4161
4161
3.22530928173
1680
4162
4162
2.8744818177
749
4163
4163
3.35005409358
2239
4164
4164
2.57634135021
377
4165
4165
2.35218251811
225
4166
4166
3.04375512697
1106
4167
4167
2.45331834005
284
4168
28819
1.2552725051
18
4169
4169
1.69196510277
4
4170
4170
1.90848501888
81
4171
3694
2.26007138799
182
4172
4172
2.68930885912
489
4173
3694
2.19312459835
156
4174
3915
2.1105897103
129
4175
4175
2.56820172407
370
4176
4176
2.45939248776
288
4177
4177
2.60745502321
405
4178
4178
2.38021124171
240
4179
4179
1.11394335231
13
4180
4180
1.93449845124
86
4181
26315
0.954242509439
9
4182
4182
0.47712125472
3
4183
4183
3.78326023287
6071
4184
4184
0.602059991328
4
4185
4185
3.84041977774
6925
4186
4186
2.46538285145
292
4187
4187
0.903089986992
8
4188
4188
3.24551266781
1760
4189
4189
2.52244423351
333
4190
4190
2.37657695706
238
4191
4191
2.54900326203
354
4192
4192
1.47712125472
30
4193
4193
2.47275644932
297
4194
3690
1.7075701761
51
4195
4195
1.88081359228
76
4196
4196
2.74896286126
561
4197
3915
2.2671717284
185
4198
4198
1.49136169383
31
4199
4199
1.27875360095
19
4200
4200
1.39794000867
25
4201
4201
1.91381385238
82
4202
4202
3.37474834601
2370
4203
4203
1.04139268516
11
4204
4204
1
0
4205
4205
5.35450412018
852
4206
4206
1.23044892138
17
4207
4207
1
0
4208
4208
2.31806333496
208
4209
4209
2.53781909507
345
4210
4210
3.10890312767
1285
4211
4211
1.92427928606
84
4212
4212
1.92941892571
85
4213
3419
2.82672252017
671
4214
4214
2.53781909507
345
4215
4215
1.88649072517
77
4216
4216
2.57403126773
375
4217
4217
1.93951925262
87
4218
4218
2.8859263398
769
4219
4219
1.86923171973
74
4220
3694
2.04921802267
112
4221
3915
1.86923171973
74
4222
4222
2.48429983935
305
4223
4223
0.845098040014
7
4224
4224
2.25042000231
178
4225
4225
3.30362797638
2012
4226
4226
1.96378782735
92
4227
4227
1.94939000664
89
4228
4228
1.0
10
4229
4229
0.903089986992
8
4230
4230
0.301029995664
2
4231
4231
1.0
10
4232
4232
1
0
4233
4233
2.24551266781
176
4234
4234
2.99387691494
986
4235
3694
2.92890769024
849
4236
4236
4.41353445443
25914
4237
4237
1.65321251378
45
4238
4238
2.21748394421
165
4239
4239
1
0
4240
4240
1.23044892138
17
4241
4241
3.01367969729
1032
4242
4242
0.47712125472
3
4243
4243
2.02118929907
105
4244
4244
2.38201704257
241
4245
4245
0.954242509439
9
4246
4246
3.37767043933
2386
4247
4247
1.74818802701
56
4248
4248
2.46089784276
289
4249
4249
2.32837960344
213
4250
4250
3.14457420761
1395
4251
4251
2.78604121024
611
4252
4252
1.43136376416
27
4253
4253
1.86332286012
73
4254
3915
2.16435285578
146
4255
4255
2.8260748027
670
4256
4256
1.96848294855
93
4257
4257
3.514813295
3272
4258
4258
2.23299611039
171
4259
4259
2.23552844691
172
4260
4260
3.03941411918
1095
4261
3419
3.09061070783
140
4262
11391
1.07918124605
12
4263
4263
1.93951925262
87
4264
4264
2.17609125906
150
4265
4265
2.7242758696
530
4266
4266
2.41995574849
263
4267
4267
1.94448267215
88
4268
4268
4.42239283623
232
4269
4269
2.29666519026
198
4270
4270
1.88649072517
77
4271
4271
2.46389298899
291
4272
4272
2.3909351071
246
4273
4273
2.90741136077
808
4274
4274
3.1964525417
1572
4275
4275
2.63548374681
432
4276
4276
1.6232492904
42
4277
3690
2.86213137931
728
4278
4278
0.698970004336
5
4279
4279
1.65321251378
45
4280
4280
2.28780172993
194
4281
4281
1.07918124605
12
4282
4282
0.778151250384
6
4283
4283
1.44715803134
28
4284
4284
2.29003461136
195
4285
4285
2.75966784469
575
4286
3915
2.23552844691
172
4287
4287
1.07918124605
12
4288
4288
3.24575935597
1761
4289
4289
2.77959649126
602
4290
4290
2.00860017176
102
4291
3165
1.88649072517
77
4292
4292
1.8260748027
67
4293
4293
3.22167499707
1666
4294
4294
0.47712125472
3
4295
4295
2.37474834601
237
4296
4296
2.28103336725
191
4297
4297
3.0788191831
1199
4298
4298
3.19975517725
1584
4299
4299
1.96848294855
93
4300
4300
1.69019608003
49
4301
4301
2.84447717575
699
4302
4302
1.74818802701
56
4303
4303
1
0
4304
4304
1.84509804001
70
4305
5951
1.68124123738
48
4306
4306
2.40483371662
254
4307
4307
2.00860017176
102
4308
4308
2.75739602879
572
4309
4309
2.46538285145
292
4310
3744
2.62531245096
422
4311
4311
1.66275783168
46
4312
4312
0.903089986992
8
4313
4313
3.88620862417
114
4314
4314
2.12385164097
133
4315
4315
2.90902085421
811
4316
4316
4.0898415515
199
4317
4317
2.5301996982
339
4318
4678
3.99233255905
75
4319
4319
6.25161084808
47597
4320
4320
1.66275783168
46
4321
4321
3.30297993675
2009
4322
3694
1.95904139232
91
4323
4323
0.845098040014
7
4324
4324
3.02201573982
1052
4325
3818
2.17609125906
150
4326
4326
2.75050839485
563
4327
4327
2.91960102378
831
4328
14293
2.22788670461
169
4329
4329
3.01325866528
1031
4330
4330
2.12057393121
132
4331
4331
1.98677173427
97
4332
4332
2.35218251811
225
4333
4333
1.74036268949
55
4334
4334
1.57978359662
38
4335
4335
7.31813349876
2698
4336
4336
6.05663115959
5402
4337
4337
2.36735592103
233
4338
4338
3.0595634179
1147
4339
4339
4.3929606148
24715
4340
4340
1.7242758696
53
4341
4341
2.76267856373
579
4342
4342
2.13353890837
136
4343
4343
2.26007138799
182
4344
4344
1.55630250077
36
4345
4345
2.07188200731
118
4346
4346
2.76863810125
587
4347
4347
2.58658730467
386
4348
4348
0.301029995664
2
4349
4349
2.37839790095
239
4350
4350
1.07918124605
12
4351
3837
2.651278014
448
4352
6355
2.78461729263
609
4353
4353
2.52762990087
337
4354
4354
2.8744818177
749
4355
4355
1.77815125038
60
4356
4356
0.698970004336
5
4357
4357
3.30297993675
2009
4358
4358
1.9731278536
94
4359
4359
4.15971754618
14445
4360
4360
2.87098881376
743
4361
4361
3.06595298031
1164
4362
4362
1.79934054945
63
4363
4363
0.602059991328
4
4364
4364
2.93901977645
869
4365
4365
3.16672605558
1468
4366
4366
2.22788670461
169
4367
4367
1.84509804001
70
4368
4368
2.64443858947
441
4369
4369
3.01828430843
1043
4370
4370
2.75281643119
566
4371
4169
1.61278385672
41
4372
4372
1.60205999133
40
4373
4373
0.301029995664
2
4374
4374
3.19755621315
1576
4375
4375
1.71600334363
52
4376
4376
1.57978359662
38
4377
4377
0.47712125472
3
4378
4378
2.58658730467
386
4379
4379
0.778151250384
6
4380
4380
3.0126685339
104
4381
4381
3.10140335056
1263
4382
4382
1.97772360529
95
4383
4383
2.54157924395
348
4384
4384
2.2552725051
24
4385
4385
2.11727129566
131
4386
4386
2.33041377335
214
4387
4387
2.3909351071
246
4388
4388
3.30877777366
2036
4389
4389
0.778151250384
6
4390
4390
2.97726621243
949
4391
4391
2.17609125906
150
4392
4392
0.698970004336
5
4393
4393
2.90254677931
799
4394
3915
2.2552725051
180
4395
4395
3.04649516433
1113
4396
4396
1
0
4397
4397
1.9731278536
94
4398
4398
2.24797326636
177
4399
4399
0.301029995664
2
4400
4400
2.3242824553
211
4401
3382
3.20167017965
1591
4402
4402
1.34242268082
22
4403
4403
0.903089986992
8
4404
4404
2.65991620007
457
4405
4405
2.78604121024
611
4406
4406
3.89927318732
7930
4407
4407
3.53857373381
3456
4408
4408
2.90254677931
799
4409
4409
4.17324455906
14902
4410
4410
1.85125834872
71
4411
4411
2.40654018043
255
4412
4412
0.602059991328
4
4413
4413
2.45939248776
288
4414
4414
1.7242758696
53
4415
3419
3.7521253073
5651
4416
3693
1.85125834872
71
4417
4417
2.55750720191
361
4418
4418
0.903089986992
8
4419
4419
0.47712125472
3
4420
4420
2.12385164097
133
4421
4421
2.82930377283
675
4422
4422
1.07918124605
12
4423
4423
2.30102999566
200
4424
4424
0.602059991328
4
4425
4425
0.778151250384
6
4426
4426
0.47712125472
3
4427
4427
0.954242509439
9
4428
4428
3.43600353567
2729
4429
4429
1.68124123738
48
4430
4430
2.42975228
269
4431
4431
4.23503327101
412
4432
4432
1.64345267649
44
4433
4433
3.61087300038
4082
4434
6574
2.70926996098
512
4435
4435
0.903089986992
8
4436
4436
2.54900326203
354
4437
4437
2.22788670461
169
4438
4438
3.76860110696
43
4439
4439
1.89762709129
79
4440
4440
2.13353890837
136
4441
4441
3.006037955
1014
4442
4442
0.903089986992
8
4443
4443
2.7168377233
521
4444
4444
9.49513213506
14754
4445
3915
2.13672056716
137
4446
4446
0.0
1
4447
4447
3.11627558758
1307
4448
4448
2.25042000231
178
4449
4449
2.95472479098
901
4450
3694
5.39728383278
187
4451
4451
1
0
4452
4452
2.63748972951
434
4453
3419
2.43775056282
274
4454
4454
3.85859734499
7221
4455
3762
3.19200959265
1556
4456
4456
2.64345267649
440
4457
4457
5.56179403182
22505
4458
4458
1.14612803568
14
4459
4459
2.32014628611
209
4460
4460
2.41329976408
259
4461
4461
2.34830486305
223
4462
3419
2.8609366207
726
4463
4463
1.27875360095
19
4464
3915
2.16136800223
145
4465
4465
0.778151250384
6
4466
4466
1
0
4467
4467
2.24551266781
176
4468
33606
3.47567118832
2990
4469
4469
1.55630250077
36
4470
4470
2.0
100
4471
4471
0.47712125472
3
4472
4472
2.61700034112
414
4473
4473
2.9247959958
841
4474
4474
2.19589965241
157
4475
4475
7.31832745476
1541
4476
4476
2.92737036304
846
4477
11959
1.04139268516
11
4478
6239
4.3548668311
195
4479
4479
2.68214507637
481
4480
4480
1.04139268516
11
4481
4481
2.07918124605
120
4482
4482
0.903089986992
8
4483
4483
0.301029995664
2
4484
4484
2.78887511578
615
4485
4485
2.36735592103
233
4486
4486
2.58994960133
389
4487
4487
1
0
4488
4488
3.8906445363
7774
4489
4489
0.602059991328
4
4490
4490
0.778151250384
6
4491
4491
0.47712125472
3
4492
4336
2.84695532502
703
4493
4493
3.11925588928
1316
4494
3694
1.97772360529
95
4495
4495
1.94939000664
89
4496
4496
2.11394335231
130
4497
4497
0.778151250384
6
4498
4498
2.32221929473
210
4499
3605
2.87390159786
748
4500
4500
2.00860017176
102
4501
4501
2.810232518
646
4502
4502
3.73838412351
5475
4503
4503
1.67209785794
47
4504
3909
2.76492298465
582
4505
4505
2.41497334797
260
4506
19624
1.85733249643
72
4507
3962
2.38201704257
241
4508
4508
3.11293997608
1297
4509
4509
0.47712125472
3
4510
4510
2.1105897103
129
4511
4511
1.98677173427
97
4512
4512
2.25042000231
178
4513
4513
1.8260748027
67
4514
4514
0.778151250384
6
4515
3640
2.94349451591
878
4516
4516
2.06445798923
116
4517
4517
0.778151250384
6
4518
4518
1.14612803568
14
4519
4519
1.50514997832
32
4520
4520
1.55630250077
36
4521
4521
2.39269695326
247
4522
4522
2.26481782301
184
4523
16207
2.62448836251
26
4524
4524
3.13672056716
1370
4525
4525
1
0
4526
4526
2.68214507637
481
4527
4527
1
0
4528
4528
1.69019608003
49
4529
4529
1.0
10
4530
4530
1.6232492904
42
4531
4531
2.07554696139
119
4532
4532
1.51851393988
33
4533
4533
0.47712125472
3
4534
4534
2.55144999797
356
4535
4535
0.778151250384
6
4536
4536
0.845098040014
7
4537
4537
2.10380372096
127
4538
3915
2.43296929087
271
4539
4539
0.0
1
4540
4540
4.18024920417
213
4541
3124
2.86451108106
732
4542
4542
3.07518185462
1189
4543
4543
3.01661554756
1039
4544
4544
2.26007138799
182
4545
4545
2.1303337685
135
4546
4335
2.41830129132
262
4547
4547
2.17026171539
148
4548
5087
5.51483198306
263
4549
4549
2.86864443839
739
4550
4550
2.14921911266
141
4551
4551
2.5301996982
339
4552
4552
1.47712125472
30
4553
4553
2.52633927739
336
4554
4554
2.54654266348
352
4555
4555
3.47567118832
2990
4556
4556
0.778151250384
6
4557
4557
2.61595005166
413
4558
4558
2.00860017176
102
4559
4559
2.95999483833
912
4560
4560
2.95616843048
904
4561
4113
2.96801571399
929
4562
4562
2.71180722904
515
4563
4563
0.47712125472
3
4564
4564
0.954242509439
9
4565
4565
3.07481644065
1188
4566
4566
1.80617997398
64
4567
4567
1.14612803568
14
4568
4568
1.89209460269
78
4569
4569
2.82865989654
674
4570
3694
2.08278537032
121
4571
4571
1
0
4572
4572
2.16136800223
145
4573
10828
11.9904980434
370
4574
4574
3.11092624227
1291
4575
4575
0.698970004336
5
4576
4576
2.34044411484
219
4577
4577
1
0
4578
4578
3.86129539353
7266
4579
4579
2.21484384805
164
4580
4580
0.602059991328
4
4581
4581
1.83884909074
69
4582
4582
2.81690383938
656
4583
4583
1.81954393554
66
4584
4584
2.63648789635
433
4585
4585
2.98587535731
968
4586
4586
0.954242509439
9
4587
4011
5.78598391655
2613
4588
3419
2.42488163663
266
4589
3690
2.23804610313
173
4590
4590
2.30102999566
200
4591
4591
0.778151250384
6
4592
4592
2.75127910398
564
4593
4593
2.92788341033
847
4594
4594
2.3242824553
211
4595
4595
2.19033169817
155
4596
4596
2.31597034546
207
4597
4597
2.26245108973
183
4598
4598
2.19312459835
156
4599
4599
1.7075701761
51
4600
4600
0.698970004336
5
4601
4601
4.40886720339
25637
4602
3457
1.39794000867
25
4603
3690
2.32014628611
209
4604
4604
4.19659065412
15725
4605
4605
1.96378782735
92
4606
4606
1.97772360529
95
4607
4607
2.81690383938
656
4608
4608
0.47712125472
3
4609
3615
2.09342168516
124
4610
4610
2.31597034546
207
4611
4611
1.17609125906
15
4612
4612
3.75610337159
5703
4613
4613
2.31597034546
207
4614
4614
1.65321251378
45
4615
4615
1
0
4616
4616
1.77815125038
60
4617
4617
2.10380372096
127
4618
4618
2.63648789635
433
4619
4619
1
0
4620
4620
1.38021124171
24
4621
4621
1.54406804435
35
4622
3690
2.7589118924
574
4623
3694
1.17609125906
15
4624
4624
2.95904139232
910
4625
4625
1.51851393988
33
4626
4626
1.63346845558
43
4627
3492
2.08990511144
123
4628
4628
1.95904139232
91
4629
4629
0.778151250384
6
4630
4630
0.602059991328
4
4631
4631
2.8859263398
769
4632
4632
3.32980452216
2137
4633
4633
2.18469143082
153
4634
4634
1.32221929473
21
4635
4635
2.60422605308
402
4636
4636
1.23044892138
17
4637
4637
3.7302976621
5374
4638
4638
4.02279940451
10539
4639
4639
2.1105897103
129
4640
4640
3.30297993675
2009
4641
4641
2.05307844348
113
4642
4642
2.03742649794
109
4643
4643
2.10380372096
127
4644
4644
2.65030752313
447
4645
4645
2.10380372096
127
4646
4646
2.65513843481
452
4647
4647
2.93247376468
856
4648
4648
2.91328390176
819
4649
4649
4.80733203929
1426
4650
4650
2.83695673706
687
4651
4651
3.2739267801
1879
4652
4652
3.41597441138
2606
4653
4653
2.18752072084
154
4654
4654
2.78461729263
609
4655
4655
3.54257647626
3488
4656
4656
1.90848501888
81
4657
4657
2.22530928173
168
4658
4658
4.70129679013
783
4659
4659
1.23044892138
17
4660
4660
1.74036268949
55
4661
4661
1.73239375982
54
4662
4662
2.12710479836
134
4663
4663
3.0937717815
1241
4664
3702
2.78887511578
615
4665
4665
1.7242758696
53
4666
4666
2.34044411484
219
4667
4667
3.23628527745
1723
4668
4668
2.10037054512
126
4669
4669
3.19672872262
1573
4670
4670
2.39445168083
248
4671
4671
2.0170333393
104
4672
4672
1
0
4673
4673
5.75493209986
1464
4674
4674
1.49136169383
31
4675
4675
4.09300119668
12388
4676
4676
1.67209785794
47
4677
4677
0.954242509439
9
4678
4678
2.41830129132
262
4679
4679
8.13065372564
2259
4680
4680
0.778151250384
6
4681
4681
0.602059991328
4
4682
4682
1.36172783602
23
4683
4683
3.03100428136
1074
4684
4684
2.04532297879
111
4685
4685
2.28780172993
194
4686
3694
1.96848294855
93
4687
6902
3.75703143287
94
4688
4688
1.89209460269
78
4689
4689
3.13735411137
1372
4690
4690
2.04921802267
112
4691
4691
2.54032947479
347
4692
4692
2.80345711565
636
4693
4693
2.64345267649
440
4694
4694
2.80753502807
642
4695
4695
0.602059991328
4
4696
4696
2.69284691928
493
4697
4697
1
0
4698
4698
2.18184358794
152
4699
4699
1
0
4700
4700
0.602059991328
4
4701
2964
1.54406804435
35
4702
3419
2.74896286126
561
4703
4703
1.92941892571
85
4704
4704
0.845098040014
7
4705
4705
2.90417436828
802
4706
4706
3.17114115103
1483
4707
4707
2.41830129132
262
4708
4708
3.00432137378
1010
4709
30753
0.602059991328
4
4710
4710
2.59328606702
392
4711
4711
0.903089986992
8
4712
4712
1.27875360095
19
4713
4713
4.05461305456
54
4714
4714
2.70671778234
509
4715
4715
0.0
1
4716
4716
2.26245108973
183
4717
4717
3.43152458419
2701
4718
4718
0.778151250384
6
4719
4719
1
0
4720
4720
2.46982201598
295
4721
4721
0.698970004336
5
4722
4722
1.7923916895
62
4723
4723
2.27184160654
187
4724
53855
4.28339622023
141
4725
4725
3.45209324902
2832
4726
4726
0.778151250384
6
4727
4727
1.88649072517
77
4728
4728
2.33041377335
214
4729
4729
1
0
4730
4730
2.80345711565
636
4731
4731
3.30211437696
2005
4732
4732
2.20139712432
159
4733
4733
5.29159526401
1014
4734
4734
2.8122446968
649
4735
4735
2.56348108539
366
4736
4736
1
0
4737
4094
2.8859263398
769
4738
4738
1.60205999133
40
4739
4739
2.16731733475
147
4740
4740
2.41830129132
262
4741
4741
1.99122607569
98
4742
4742
23.988365744
788
4743
4743
2.23044892138
170
4744
4744
2.78887511578
615
4745
4745
6.50026642419
3235
4746
3694
2.02938377769
107
4747
4747
0.602059991328
4
4748
7336
3.06669855042
1166
4749
4749
2.82085798944
662
4750
4750
2.22788670461
169
4751
4751
2.41497334797
260
4752
4752
7.71204438655
8016
4753
4753
2.93801909748
867
4754
4754
2.5301996982
339
4755
4755
1
0
4756
4756
1.96848294855
93
4757
4757
1.2552725051
18
4758
4758
2.33243845992
215
4759
4759
2.06069784035
115
4760
3909
2.76117581316
577
4761
4761
5.67187418489
5308
4762
4762
2.16435285578
146
4763
4763
1.63346845558
43
4764
4764
3.78540102499
6101
4765
4765
0.778151250384
6
4766
4766
2.3242824553
211
4767
5408
1.74036268949
55
4768
4768
2.00860017176
102
4769
4769
2.23552844691
172
4770
4770
1.47712125472
30
4771
4771
0.602059991328
4
4772
4772
2.81822589361
658
4773
4773
1.39794000867
25
4774
4774
2.56348108539
366
4775
4775
1.14612803568
14
4776
4776
2.15533603747
143
4777
4777
2.44715803134
280
4778
4778
2.47856649559
301
4779
3195
2.85186960073
711
4780
4780
2.87040390528
742
4781
4781
1
0
4782
4782
2.05307844348
113
4783
4783
2.93951925262
870
4784
6025
2.43136376416
270
4785
4785
2.5728716022
374
4786
4786
1.87506126339
75
4787
4787
2.40483371662
254
4788
4788
3.33021078457
31
4789
4789
2.72345567204
529
4790
4790
1.65321251378
45
4791
4791
2.9890046157
975
4792
4792
1.85125834872
71
4793
4793
1
0
4794
4794
1
0
4795
4795
0.602059991328
4
4796
4796
2.71011736511
114
4797
4797
2.78390357927
608
4798
4798
1
0
4799
4799
3.17114115103
1483
4800
4800
2.78031731214
603
4801
4801
2.78958071216
616
4802
4802
1.0
10
4803
4803
1.75587485567
57
4804
4804
2.51719589795
329
4805
13094
2.40312052118
253
4806
3690
1.88081359228
76
4807
4807
1.90848501888
81
4808
4808
4.19609766767
46
4809
4809
1.23044892138
17
4810
4810
2.56466606425
367
4811
4811
1.43136376416
27
4812
4812
3.41128291302
2578
4813
4813
2.42813479403
268
4814
4814
1.51851393988
33
4815
4815
3.84050756847
148
4816
4816
3.6225248624
4193
4817
4817
2.90265547522
72
4818
4818
2.2833012287
192
4819
4819
2.17318626841
149
4820
4820
0.845098040014
7
4821
4821
1.96378782735
92
4822
4822
3.79232163635
6199
4823
4823
3.70714418834
5095
4824
6275
0.698970004336
5
4825
4825
2.13672056716
137
4826
37911
1.76342799356
58
4827
4827
1
0
4828
4828
2.07188200731
118
4829
4829
2.76715586608
585
4830
8014
0.602059991328
4
4831
4831
1.83884909074
69
4832
3520
2.81756536956
657
4833
4833
2.21748394421
165
4834
4834
2.00432137378
101
4835
4835
3.46952747919
2948
4836
4836
2.23804610313
173
4837
4837
1.27875360095
19
4838
4838
3.60162547955
3996
4839
3694
1.8260748027
67
4840
4840
1.41497334797
26
4841
4841
3.34869419027
2232
4842
4842
3.74608904306
5573
4843
4788
2.36172783602
230
4844
4844
1.7923916895
62
4845
31797
1.67209785794
47
4846
4846
2.14921911266
141
4847
4847
2.40823996531
256
4848
4848
1.50514997832
32
4849
4849
3.84073323461
6930
4850
4850
1
0
4851
4851
0.903089986992
8
4852
4852
2.36548798489
232
4853
4853
2.74193907773
552
4854
4854
1.69897000434
50
4855
4855
3.30276370847
2008
4856
4856
2.75358305889
567
4857
4857
2.49554433755
313
4858
4858
3.77938001149
6017
4859
3690
1.17609125906
15
4860
4860
2.4814426285
303
4861
4861
0.0
1
4862
4862
0.0
1
4863
4863
2.12710479836
134
4864
4864
1.41497334797
26
4865
4865
0.602059991328
4
4866
3694
1.50514997832
32
4867
4867
3.74686762785
5583
4868
4868
1.64345267649
44
4869
4869
2.1105897103
129
4870
4870
0.698970004336
5
4871
4871
2.38381536598
242
4872
4872
2.97909290064
953
4873
4873
1.65321251378
45
4874
4874
0.698970004336
5
4875
3419
2.38381536598
242
4876
4876
2.80753502807
642
4877
4877
2.27415784926
188
4878
4878
0.602059991328
4
4879
4879
1.95904139232
91
4880
4880
2.20682587603
161
4881
4881
2.49968708262
316
4882
4882
2.02938377769
107
4883
4883
2.15533603747
143
4884
4884
2.26007138799
182
4885
4885
3.15806079394
1439
4886
4886
5.13309480688
537
4887
4887
3.13097669161
1352
4888
4888
2.0170333393
104
4889
4889
3.30877777366
2036
4890
4890
2.26951294422
186
4891
4891
2.35602585719
227
4892
4892
1.90848501888
81
4893
4893
2.54406804435
350
4894
4894
3.46164856806
2895
4895
4895
2.15533603747
143
4896
6305
2.47856649559
301
4897
4897
1.41497334797
26
4898
4898
0.903089986992
8
4899
4899
2.23552844691
172
4900
4900
2.21484384805
164
4901
4901
2.44715803134
280
4902
4902
4.1825573013
15225
4903
4903
2.78887511578
615
4904
4904
2.68124123738
480
4905
4905
4.26555832432
221
4906
4431
2.14301480025
139
4907
4907
2.11394335231
130
4908
4908
2.14612803568
140
4909
4909
0.698970004336
5
4910
4910
1.27875360095
19
4911
4911
2.32837960344
213
4912
4912
12.6918362701
170
4913
4913
2.37839790095
239
4914
6408
2.41664050734
261
4915
4915
2.70329137812
505
4916
4916
2.55750720191
361
4917
4917
2.87332060182
747
4918
4918
1.69019608003
49
4919
4919
2.29446622616
197
