204815653297860000
204817323956240000
204815872332800000
204806321369920000
204810639737230000
204798714861190000
204804327058050000
204805516986290000
204810627921880000
204798768913190000
204809875073670000
204815504689470000
204807571398340000
204802984247440000
204798355845560000
204809788998170000
204807210054850000
204798716408910000
204802936205880000
204803792187820000
204815824714870000
204809828584010000
204798474418530000
204817366968830000
204815612961230000
204815951835830000
204806533056430000
204806650329180000
204805649249470000
204817463051950000
204817297427280000
204798691117250000
204815938598610000
204816561184310000
204816864096950000
204798620057340000
204809151778530000
204803880356280000
204809370813470000
204817197716090000
204816591651750000
204804869620640000
204806892533450000
204817053603990000
204807906196070000
204798327777280000
204803374682610000
204817756586130000
204817017159690000
204803218268630000
204805385306130000
204810586058530000
204804255842970000
204807445686650000
204815890980680000
204817336388160000
204815165168960000
204815991174210000
204816887908020000
204809630755460000
204807007088290000
204816680541630000
204802862830730000
204815717672040000
204798636188640000
204797771704830000
204799171943870000
204802777963170000
204817350409720000
204809360898130000
204805605599360000
204810454093140000
204808860337310000
204805345091140000
204807094048790000
204809628402460000
204809324453830000
204815344542550000
204810156675040000
204809869264570000
204816565143740000
204815968613040000
204804804864780000
204798850265910000
204816910213320000
204815529574270000
204816484663440000
204806035221920000
204799128377630000
204816970321900000
204815348241920000
204809392464480000
204807801237800000
204816789467700000
204798688571310000
204805521428060000
204809675357680000
204810321876090000
204809710254300000
204817711484780000
204805331933590000
204810319556650000
204806431462000000
204804970065830000
204817002102130000
204815481956340000
204816961757130000
204817781449970000
204803427052690000
204809188059260000
204805426687130000
204796662781190000
204804662568810000
204810104099440000
204809271878230000
204804932828810000
204799258782740000
204798602768420000
204816552753770000
204798796767580000
204815922706390000
204810552785110000
204804056911330000
204799209973620000
204816292606260000
204815479808860000
204817343862410000
204816154261330000
204810450632840000
204807414929830000
204804747042110000
204798388108140000
204809555920690000
204803494912330000
204816081045570000
204816081423050000
204815485815100000
204808133158250000
204808299009410000
204816155192460000
204815561836870000
204798693797400000
204810007278130000
204816244988330000
204809663588470000
204815459596510000
204816837823830000
204808894399260000
204816550602080000
204803115634010000
204810540965570000
204815218994460000
204807536438810000
204810617150900000
204816753023400000
204798708670410000
204817810566810000
204817197309240000
204803607655230000
204808791538140000
204816577907010000
204815600797750000
204805618568150000
204817720993260000
204798772419640000
204804691660520000
204809119545300000
204817241680790000
204810586863840000
204810561257620000
204798731843940000
204815270395650000
204807518898230000
204817192351570000
204794644553420000
204815608272000000
204816499272190000
204810536800630000
204817232679800000
204815201646800000
204817067134820000
204817728975010000
204799099122360000
204798637103010000
204807147807180000
204809703828620000
204817714001360000
204817835275450000
204809101157480000
204799249450400000
204817512838330000
204809429164640000
204815232068100000
204808046025770000
204817608850160000
204815628589220000
204804847600530000
204816387183620000
204805957165920000
204798788261510000
204809569610900000
204810421662790000
204798524896970000
204803112467320000
204802867385740000
204798995229450000
204799110560230000
204816668629800000
204802872251120000
204816255977400000
204798348455190000
204809958804560000
204803785170750000
204817263738620000
204817425030580000
204817427274530000
204802777833150000
204803616270320000
204807574468560000
204797074531820000
204809909928340000
204817109182720000
204815920210770000
204809883881700000
204815444329240000
204805177520310000
204809938751600000
204808592606500000
204806347617870000
204817605150780000
204798612675370000
204803288804240000
204807924776830000
204803691704890000
204809145759700000
204807687874150000
204817242486080000
204815913126600000
204809889942480000
204804560961800000
204810146101220000
204803393536000000
204816235148480000
204815615746250000
204817591615760000
204805479115930000
204805990032480000
204798781152180000
204808428558880000
204817376200500000
204809757159210000
204803756850810000
204796661157990000
204809731112570000
204803076748620000
204817581423600000
204805413248580000
204809978110940000
204807859291160000
204816037756150000
204816166768750000
204806533907890000
204816415956540000
204809175459570000
204816288235790000
204815977286860000
204815911864120000
204798388259140000
204816781649510000
204817596493730000
204810077645970000
204805584342620000
204799045363960000
204815519252100000
204810429137040000
204798465715360000
204810382471210000
204817149460610000
204817021790190000
204807592638290000
204817153466180000
204817855932400000
204802854014300000
204798893706330000
204810497831350000
204803023434820000
204809894304550000
204809966278810000
204817104589960000
204810407192440000
204803554857340000
204810113758930000
204815982529740000
204798421004060000
204803255639880000
204817767910740000
204807999800350000
204816864491210000
204815415359190000
204817122516410000
204815339878490000
204815439862300000
204798454524950000
204816575751140000
204817656543580000
204805463093680000
204798824961670000
204815993653040000
204816305113670000
204810608028300000
204817627498040000
204798713162510000
204798402213580000
204816023587790000
204809962579430000
204810097082380000
204810650298490000
204806498289850000
204797024896420000
204816505249080000
204798755399160000
204798926493200000
204815171150020000
204815294689060000
204810522099580000
204803034491010000
204817082263670000
204815228028990000
204815737104240000
204817453639940000
204799270614860000
204816695565620000
204815224111500000
204807176605280000
204806794546120000
204817326422500000
204806121184170000
204815682012060000
204809126658840000
204807812684060000
204817784503420000
204810449043210000
204809584559400000
204806916961080000
204798433435980000
204817310010180000
204806865656350000
204816941905490000
204799017052420000
204799019296370000
204803235809200000
204810327492270000
204815570644900000
204806782730770000
204816766789100000
204804763613790000
204816372637770000
204804437053680000
204807007876810000
204817668975500000
204816902755850000
204806277057100000
204805758020360000
204807342410320000
204804453042370000
204817839134220000
204817397125890000
204803133145230000
204810174089790000
204817547013530000
204809355609120000
204817485294350000
204816895147380000
204817849389290000
204817273272280000
204799012694530000
204817044615600000
204810125339390000
204809705409890000
204805132427340000
204807084229920000
204810188157500000
204815166578230000
204804622576130000
204809714574440000
204817253575840000
204809448512960000
204805452314310000
204804171998830000
204816581757370000
204805669210170000
204798301755820000
204815687527580000
204799226662760000
204798291450400000
204817622615860000
204816665337280000
204817115839080000
204803679725960000
204806732592060000
204803189562800000
204810435428490000
204810660679390000
204809683570130000
204810562406850000
204805864794770000
204809499687650000
204809428090890000
204817221220960000
204817201696480000
204808915098150000
204810473131080000
204816527923480000
204798832788250000
204805965973950000
204810634448220000
204799029060710000
204804007573730000
204799024220480000
204809442963900000
204816197521380000
204810378679550000
204809555589350000
204803964166880000
204817381011360000
204806398012430000
204816774263350000
204809888273140000
204802975032550000
204817555074990000
204803154116750000
204805730182760000
204817563824300000
204816838012580000
204803129370360000
204799133192700000
204805958206110000
204810249113310000
204803376997870000
204816049709920000
204810137314150000
204809481299830000
204810291358330000
204809243059160000
204803988854540000
204809599717610000
204815735921440000
204815874593530000
204798266490110000
204809087425320000
204803020549130000
204809240580330000
204815468010280000
204817164715300000
204815434543940000
204803986467990000
204808967505970000
204804067623580000
204817214849810000
204806313757260000
204805860587870000
204815478617670000
204809221487870000
204810326636630000
204816088670800000
204817348958500000
204815539770630000
204803127608740000
204816694886150000
204810127864370000
204806879770190000
204817687623380000
204817670787440000
204807876928210000
204803155521840000
204805316343380000
204810304033530000
204804396071140000
204803603079240000
204799080218630000
204816141246400000
204815308052120000
204808675162990000
204805614176700000
204810421968970000
204809435439310000
204803645315890000
204805805206280000
204806042167670000
204817537224020000
204805417795200000
204817206905800000
204817841982160000
204805749455590000
204817581289390000
204804007439510000
204806030352320000
204809494356700000
204817332432930000
204810658238300000
204815860978810000
204815978247360000
204809313024350000
204815376729650000
204810207317080000
204810157388080000
204816537914310000
204815281544110000
204804073839540000
204816037353490000
204798932814020000
204817263247900000
204809489399030000
204803428390670000
204809402430140000
204798566659670000
204809179507070000
204806737541330000
204817474485630000
204803034239340000
204803504571820000
204798380872970000
204802945735330000
204810457847040000
204806384989120000
204809718265420000
204816434050760000
204815237227090000
204803210614020000
204815629839120000
204804274822200000
204817089796640000
204803992746850000
204810455334660000
204815877110110000
204803393204660000
204804513436150000
204803398904720000
204798617834360000
204799002288470000
204817398698740000
204816560261570000
204803533311190000
204810096465810000
204816519312570000
204798922210820000
204798332063850000
204817018162130000
204816654918630000
204799199060040000
204809618155780000
204815882176840000
204808285201770000
204806046080960000
204817200752770000
204803601065970000
204805178283670000
204808165282420000
204810600654700000
204805193592870000
204810654949970000
204804684425350000
204807945379260000
204809485468960000
204804605194930000
204809483225010000
204816005866860000
204817676525240000
204810517112560000
204806076502260000
204803837381450000
204816957269220000
204817414830040000
204815518023160000
204816556562190000
204805656736310000
204809902198240000
204808179446580000
204807368595360000
204816951489470000
204804311522360000
204816635297660000
204816325317630000
204816583342830000
204816127401010000
204809171605010000
204816141439340000
204805081252630000
204816153552490000
204805105843850000
204805134717430000
204805026613430000
204804531815590000
204804329910180000
204803779957230000
204810053784570000
204808489535680000
204809431140150000
204798718036300000
204809792089370000
204807573805860000
204817169501000000
204802985438610000
204803336929680000
204804509124410000
204809621897090000
204807296260380000
204815645718740000
204807081830790000
204803207640270000
204815271398090000
204808817089840000
204817180922090000
204809561880800000
204816616981150000
204808928863850000
204817839977280000
204803838748790000
204804514367290000
204809353184810000
204809519220540000
204809365025340000
204809217595540000
204806055631400000
204799031350800000
204809715308430000
204802931604720000
204816856735950000
204817801582610000
204809499230480000
204815272954170000
204806812032180000
204808228490590000
204798429388480000
204803088853370000
204817533671450000
204802852500160000
204798280595550000
204806899403720000
204816275036310000
204798594606310000
204816652574020000
204807340757760000
204807161543530000
204815333062750000
204815944634210000
204802995798560000
204804125735660000
204809517706380000
204810241332880000
204809266434020000
204815764841190000
204809334188810000
204816998960600000
204803648935570000
204807802865190000
204815865538020000
204815945892500000
204817861632460000
204799048832650000
204817008125170000
204804322008120000
204805041012480000
204817137259400000
204810237570580000
204804138922550000
204816960704350000
204798607273120000
204817810055110000
204808492995970000
204816484483080000
204806184312650000
204804427234810000
204816720899220000
204804494414980000
204816869167870000
204805100307360000
204808224283690000
204810634657920000
204799050065780000
204816484705380000
204817777570230000
204807148398590000
204815493251600000
204817822789020000
204803325575710000
204815567872470000
204809487033430000
204817649446830000
204816013152360000
204816303385620000
204803541867580000
204798819857210000
204810346706380000
204807290619050000
204816599558000000
204809689454750000
204810443510920000
204815217639690000
204810034729860000
204816294548210000
204805039682890000
204805550599440000
204799209239620000
204816485913340000
204798959787590000
204808770864420000
204816038808930000
204803623488720000
204809177720300000
204817803470060000
204805700940090000
204809171504340000
204810573874070000
204804664871500000
204799193213190000
204796609026990000
204816524396080000
204804903212830000
204816818580360000
204807525760110000
204817618270560000
204804979058420000
204815526038470000
204816878688940000
204803495507940000
204806024434170000
204802873740110000
204809711319660000
204807817264240000
204815671840870000
204805292406490000
204815552999460000
204809176411680000
204809199782330000
204816627752110000
204817344856460000
204817834826660000
204816356087050000
204810021207420000
204806413371980000
204803423495920000
204802795998680000
204816899471700000
204810251323710000
204816734287440000
204798667603980000
204803561236870000
204809523096060000
204810182616810000
204816983051610000
204815624222940000
204815491766810000
204805214690220000
204816200964910000
204803534946970000
204817145811570000
204815581562680000
204817198211010000
204815687972170000
204803519784570000
204803411680570000
204804475750320000
204803065394630000
204817848793710000
204803029797570000
204809929893230000
204808994680870000
204808683731940000
204810535366170000
204798470001930000
204810594845590000
204815556774330000
204809628222100000
204816634077120000
204803066652920000
204809590070720000
204817452880760000
204809360310940000
204805947070220000
204798139243310000
204817407846520000
204817868787960000
204816585083470000
204810226149500000
204816029052960000
204815826325480000
204815252452420000
204803475677260000
204816410084510000
204807148104980000
204804989321880000
204816015933180000
204817537043660000
204817653339140000
204810015478000000
204798517481460000
204807136289630000
204804760191240000
204816799278170000
204809255491090000
204807427303020000
204803760202060000
204816292501390000
204816656424380000
204816221345030000
204816762833870000
204810589200060000
204816189136970000
204815976548680000
204797758606020000
204804240449860000
204816587717480000
204815743064350000
204815849473840000
204804724745190000
204805783572060000
204816293759680000
204810276053320000
204806978013370000
204805123862580000
204808861616580000
204808687645230000
204803210282680000
204810415341960000
204805232432130000
204817028803080000
204815408702820000
204809182753460000
204816095813710000
204809241016540000
204817040660370000
204808861935350000
204806087948520000
204799246971580000
204806216805910000
204810498921870000
204815168838960000
204817772373490000
204805283141270000
204816235811180000
204816465176690000
204803255459520000
204810148689090000
204805848109820000
204806632981530000
204809880777930000
204805390502860000
204797758761210000
204815419188580000
204815183711970000
204798404008740000
204815590471380000
204798533021340000
204806991409990000
204807157261150000
204804715295410000
204817226119910000
204798686994250000
204809769410770000
204806389447670000
204807382407190000
204809334209770000
204797760019500000
204817713896490000
204803281279660000
204803553116700000
204807370591840000
204805750491580000
204815510414690000
204817191667900000
204810651766490000
204816312407560000
204803370698030000
204806286586550000
204807103070740000
204810622720950000
204816044496400000
204807567187260000
204803487740070000
204816376156790000
204816525876660000
204816707817180000
204815750538600000
204803512918490000
204798320915390000
204815458547920000
204816612879110000
204799260036840000
204799127580710000
204817532937440000
204810485307150000
204809614955530000
204817274920640000
204816065753120000
204803230188850000
204810621747860000
204803420517960000
204809371560060000
204803549417320000
204816371199120000
204807774952110000
204807946046150000
204803188149330000
204809957512720000
204810661681830000
204817683110300000
204816322322900000
204809275133020000
204798517187850000
204808647992280000
204817690400000000
204816923995800000
204810600906370000
204817782142030000
204806887219280000
204798908185050000
204796651230080000
204816110762210000
204798685811450000
204809270380860000
204799070341050000
204810408442340000
204805837330450000
204816173756450000
204805004094210000
204809510714470000
204816291662530000
204798636935230000
204815827462140000
204808570309580000
204810183703140000
204802770581200000
204802800075540000
204798730518540000
204804051379030000
204806544976650000
204803255438550000
204810012609100000
204810376456570000
204808849507620000
204808060349320000
204816037097640000
204815204876430000
204799188888850000
204807051740850000
204809915804560000
204807491547170000
204798675896110000
204817552470310000
204817426628620000
204815766837670000
204798752819650000
204804073680140000
204816313665850000
204804617895300000
204815646918320000
204806055904020000
204809265150570000
204815506484630000
204815764228810000
204816248880640000
204810026924250000
204817285817440000
204809971379090000
204799086069690000
204806263991830000
204805653963880000
204810330096930000
204816599188910000
204810377232520000
204798721068760000
204817004413190000
204817565569130000
204816097147490000
204816229603620000
204817409239040000
204799213974990000
204803656174930000
204809727438360000
204815584154750000
204809880853420000
204817159082360000
204803673233160000
204809794387850000
204803676991270000
204809612942260000
204805592731230000
204815491552920000
204798888467640000
204808863441100000
204817189323290000
204799263811710000
204798536322270000
204803823573810000
204807840525850000
204802966870440000
204805123657040000
204803467489970000
204810472468400000
204816181683700000
204806727646980000
204804351548590000
204815894243850000
204816594008930000
204798424942520000
204817671311720000
204810277521330000
204816061764350000
204815826438720000
204809790575230000
204806567038700000
204817710029350000
204802815921630000
204798724982050000
204803053889660000
204804854382740000
204808053856540000
204803688961800000
204810272563660000
204815707953830000
204802779762540000
204815474410800000
204808113151420000
204806975094130000
204816371274610000
204809230174270000
204805899209030000
204798713166700000
204798813150510000
204816048883630000
204798284261360000
204809674250400000
204809970213070000
204807119277530000
204815427686240000
204803636457520000
204809028428240000
204815575111840000
204798930968520000
204817075515040000
204805647554980000
204817082267860000
204803129093530000
204802776063160000
204803255862180000
204805564629400000
204816372725850000
204815798852790000
204805415836470000
204798711837110000
204805747538790000
204817295808270000
204817402217760000
204816875727770000
204816493668610000
204806699809380000
204810134667540000
204816302085390000
204817860118320000
204810460111970000
204806205951060000
204798882931150000
204816014343550000
204809340148920000
204798914837220000
204808764958840000
204809884628290000
204798265206650000
204806736299830000
204799199122960000
204797787110510000
204817712306860000
204816490116020000
204805477664690000
204817534107660000
204799150313840000
204816347262230000
204816701085330000
204805660255330000
204797073349030000
204815175067500000
204809521779060000
204816180115020000
204815566358330000
204806124371850000
204804401620190000
204815499408840000
204805169425300000
204810216330630000
204805611379110000
204815871972080000
204809336449540000
204804401611820000
204817145476030000
204806181905120000
204816555123540000
204798755852130000
204816443529900000
204807060603410000
204803451815860000
204817535961540000
204816269529190000
204815578173670000
204817702391520000
204804390446560000
204799043757560000
204815222547030000
204806321663510000
204810302385170000
204806050707280000
204810653876240000
204798538075480000
204817755701120000
204804107721120000
204798163754830000
204816294686630000
204809752948130000
204815649237760000
204816865212640000
204816328853430000
204815190796140000
204806215107230000
204807273934100000
204803003830640000
204817628726950000
204817254406300000
204809322025330000
204803686982100000
204803604106840000
204817592282650000
204797012787470000
204808417234270000
204815382584890000
204805422115330000
204803137545060000
204815953110900000
204806029320530000
204809219164210000
204815320093950000
204816802813980000
204817291353920000
204809870082450000
204797759688160000
204798734859640000
204804779464080000
204816333974680000
204803294089060000
204809803422380000
204803370949680000
204803878951200000
204799281276790000
204798474582110000
204804277485570000
204817783530340000
204815783472270000
204803971024560000
204816173404130000
204806153069270000
204809543153230000
204808493587380000
204809760502060000
204809217683620000
204810428566610000
204816765690190000
204815214644970000
204808510645610000
204808402541610000
204817672163180000
204803732305750000
204817519876370000
204803972282850000
204807331899390000
204809407673020000
204803443804740000
204806222715680000
204817360467660000
204816438760970000
204809819796940000
204798376963870000
204816257856450000
204817391480340000
204803437685260000
204816457446590000
204803285201340000
204817453186950000
204809783251960000
204803651892550000
204809525906240000
204817059798980000
204810247368480000
204799096245060000
204808895938570000
204817097937790000
204806033233820000
204815408040120000
204798546808020000
204817375445520000
204815352356550000
204810487492390000
204815670179930000
204807936227280000
204817487131450000
204798743013380000
204817652986820000
204816440338030000
204805503786820000
204803055223440000
204809955444930000
204810329383900000
204809441676230000
204807138000900000
204816692612830000
204815883510620000
204807048494450000
204799098761640000
204815592497230000
204803596510960000
204806309554550000
204807547025240000
204815523773560000
204804585775320000
204799011713060000
204816240030660000
204815414499350000
204815461282620000
204817131941000000
204810369074600000
204808411697780000
204807410618070000
204803407813420000
204815259872150000
204798297951580000
204798808868130000
204798451572160000
204816821369580000
204815985927140000
204809007087630000
204817351940640000
204810386040570000
204798751120970000
204809846011340000
204804881943500000
204805020615590000
204803404273420000
204816471136800000
204816603592930000
204809423263250000
204809934179800000
204809064914490000
204809203586580000
204815291023230000
204817174118940000
204798893341430000
204809714276640000
204806237114730000
204817837439720000
204799067275010000
204815692204230000
204798154401530000
204807492214060000
204816975392800000
204798142586180000
204798516525150000
204798753486540000
204815810332600000
204803075129610000
204816754885660000
204810529569650000
204804444590840000
204817345535950000
204804258841890000
204817570786850000
204802919843900000
204809871705650000
204815946718790000
204809861739980000
204806658533230000
204816524677090000
204810470178290000
204815273793030000
204808129840560000
204803211792620000
204816485732980000
204803948270470000
204817602273480000
204816844937380000
204806015881980000
204802883785460000
204816674854160000
204815991400710000
204803264808620000
204816725018030000
204798746914070000
204815476398880000
204799188268110000
204816944921190000
204817778274860000
204817007521180000
204810028409030000
204802914206760000
204809818173740000
204816076985470000
204808570569630000
204810313504270000
204815521475070000
204809564619690000
204817195245650000
204798466386440000
204815789243630000
204799251258150000
204805588658570000
204798353895210000
204803530589080000
204817429673670000
204806562462710000
204808468857760000
204809268547960000
204803347440610000
204804477377710000
204804426559520000
204810219656720000
204803609580420000
204817591485730000
204807518428460000
204815635216210000
204807138076390000
204808566870250000
204803244579490000
204815912874930000
204810502440890000
204804295902760000
204798856972610000
204803643696880000
204798647282570000
204810525408900000
204815656305180000
204799176201080000
204804136636660000
204807822804920000
204803041734560000
204816565726740000
204798920721840000
204815828389070000
204816118622330000
204817765033440000
204810509915140000
204806644058700000
204810441107580000
204803802975570000
204815413492720000
204816780462520000
204817650809970000
204817046695970000
204810285922530000
204803143266090000
204806607064930000
204809553894850000
204817023866390000
204816928538230000
204799006394700000
204806595249580000
204805183237130000
204809846258800000
204810436250570000
204802810993320000
204816716293870000
204798559315430000
204805697626580000
204810529276040000
204798878355160000
204807858448120000
204803361688650000
204804922645040000
204809005464430000
204806974431430000
204815307464910000
204815921712340000
204817866208450000
204799206022590000
204798960941010000
204805898546330000
204803593558170000
204816598710750000
204810063188210000
204816705120240000
204798630463410000
204798972391470000
204817301692890000
204817372413040000
204810385725990000
204808628648150000
204816801132070000
204816779648830000
204810298316690000
204817126576500000
204817713716130000
204804391792950000
204798925834690000
204798609642880000
204805500938900000
204807278006770000
204803046159560000
204799187974500000
204803490445400000
204805772054510000
204808479855220000
204815360120190000
204810001531940000
204809469119580000
204805357309140000
204805270076000000
204817022285130000
204810272509150000
204817304209470000
204799253640520000
204805532215810000
204816765170090000
204808137629380000
204802869831010000
204806890176260000
204809740197430000
204817560947000000
204807294138070000
204798796998250000
204798925893410000
204815251055710000
204804299417590000
204803066363520000
204809561369100000
204803315551310000
204816968476410000
204815830419120000
204816204358090000
204809318166560000
204808534200820000
204815778921460000
204806650010410000
204815752874820000
204804341654240000
204808769539020000
204802821537790000
204817232105180000
204798814278800000
204794666602860000
204802825157480000
204809687693150000
204798339601010000
204817364259320000
204807781822380000
204803482794990000
204798700504100000
204809958037010000
204803162908020000
204810614785320000
204808583752320000
204816664695540000
204810134411690000
204815247062750000
204803179966250000
204809119847290000
204815417515050000
204798920797330000
204816214843850000
204799288428070000
204809847533870000
204802840143740000
204810628106430000
204810266276410000
204810483759460000
204809596630600000
204815543319020000
204809179142170000
204798903239970000
204803746453130000
204798941886300000
204805947741320000
204815262120280000
204798302653390000
204798428893560000
204809059222820000
204816559825360000
204817317014670000
204815485693470000
204815333452820000
204817263403090000
204816815476580000
204806808286660000
204798585437560000
204816674237590000
204817700877380000
204817641083380000
204816524463190000
204808790510540000
204810468357960000
204810131970600000
204809886889020000
204799087697080000
204798979593080000
204817131609660000
204817489316690000
204809261270830000
204807744430150000
204805152740350000
204808550671840000
204809437645510000
204798747874570000
204805032821000000
204815956554430000
204815999793500000
204815504995660000
204808455930910000
204817645374150000
204815761607360000
204809844048400000
204809965511260000
204810201193400000
204798616139870000
204808818054530000
204816802465850000
204816683624440000
204804414073090000
204815921171280000
204806604112140000
204804364991330000
204810566341100000
204807805948010000
204810586171780000
204816112200860000
204810646242600000
204803292574920000
204815744997920000
204810537295560000
204810649921010000
204809869210030000
204807157265340000
204815710206160000
204803475165560000
204798266209090000
204810343413860000
204802883416370000
204802846422600000
204803042535670000
204803008578600000
204816026397970000
204809654239360000
204802999875410000
204817590617510000
204809412374840000
204799108668600000
204806494678550000
204815778996950000
204810265492060000
204816024078530000
204816130488020000
204816892035210000
204805655754840000
204804517697550000
204816104441380000
204810420970730000
204809920409910000
204810215663740000
204804305914580000
204803130863520000
204816936759070000
204816081611800000
204810274950220000
204809752801320000
204799233403010000
204807965985880000
204803084713610000
204805338329920000
204810496120080000
204809112981210000
204815513602370000
204798412837750000
204810028077690000
204817272798330000
204805732107950000
204809814927340000
204803566702040000
204816746190870000
204802953515770000
204816195097080000
204806513284500000
204798505376690000
204805749166180000
204810172189770000
204803385369690000
204815358316660000
204816769251160000
204803398246210000
204816077912420000
204798984622050000
204799272661690000
204805107911630000
204799091031540000
204815657714450000
204798835552300000
204802867394120000
204815217312530000
204815871804320000
204798182612410000
204803870575180000
204817792631980000
204806207578450000
204803701674750000
204798747580960000
204809617795060000
204815785212910000
204803062441840000
204810287520560000
204803143488380000
204817545667160000
204810158092730000
204804090868410000
204817148437210000
204805967739750000
204803477682140000
204810370911710000
204817621848310000
204817728257800000
204816576891990000
204806640812300000
204810520786760000
204798730183000000
204798425269670000
204809033968920000
204803853261080000
204808456430040000
204816927523220000
204815567687910000
204816539587850000
204816270376450000
204810182272880000
204807943437300000
204816100091900000
204807128098150000
204798704014720000
204810522334480000
204809030835770000
204803847208700000
204816773848120000
204810648738210000
204815608070680000
204816073273520000
204815897246970000
204806788275640000
204815808818460000
204809747810100000
204805853839240000
204803298866370000
204816323723790000
204808043374970000
204804150918260000
204809685319160000
204798529594600000
204817543226070000
204808479486130000
204807412539070000
204807720702980000
204804433702430000
204799104721750000
204808567654590000
204798730401100000
204807977507620000
204798613073830000
204816235714710000
204798382798160000
204809614666110000
204810648851450000
204809899396430000
204808709875050000
204807708795340000
204815495923370000
204817497537530000
204804501893430000
204815804871610000
204799135918980000
204808617931710000
204816938197710000
204815674365850000
204816240982770000
204816926340420000
204815311013290000
204807160885020000
204817165206040000
204809657410260000
204798256306340000
204808387110770000
204809252206950000
204815517284960000
204799078192790000
204817347796680000
204817341580720000
204817321750040000
204809787307870000
204799029362700000
204808196081190000
204810661170130000
204815357133860000
204804079770270000
204817634531880000
204809647616570000
204810560364230000
204805987381680000
204798593251540000
204816430598860000
204815420883090000
204810091902410000
204816578074780000
204808101340260000
204810606296040000
204815471017600000
204798606614610000
204798498510610000
204815577427090000
204816466695030000
204809648874860000
204817738248630000
204809244640430000
204802885706460000
204808754477270000
204804138561830000
204815415925420000
204817713703570000
204798328851010000
204809606214600000
204810305979680000
204816065681830000
204805170759080000
204809205847310000
204803992394540000
204799237152720000
204799110958690000
204817270478870000
204810226875120000
204815498335100000
204809362391310000
204816275451560000
204810325030220000
204809748984510000
204807235908540000
204803281946540000
204816587281270000
204809074649470000
204817017952420000
204798152115630000
204815223880810000
204816566620140000
204816532189090000
204810428507880000
204816203968030000
204799270237380000
204816128470550000
204798809098830000
204815743886430000
204815579029320000
204809984721160000
204808188179130000
204805891806070000
204815162006450000
204808861251680000
204817622280310000
204817046091990000
204817236429520000
204803430139700000
204810568450850000
204810435994720000
204803175390260000
204815300233920000
204817660884680000
204816695792120000
204799155632230000
204804330505780000
204799138502680000
204810644325790000
204817313525020000
204807683075880000
204807853599500000
204806370476820000
204798341282930000
204802811995760000
204803763058380000
204815866427220000
204809977796370000
204810056716400000
204815264787870000
204806429771700000
204815805219740000
204806024073450000
204799108953810000
204817090811670000
204810592467430000
204807650754570000
204816822715940000
204810287092740000
204817853763940000
204805235770790000
204798362371900000
204817325524910000
204816487087740000
204817535672130000
204799120114860000
204797773969760000
204810579704160000
204815260715200000
204808447848480000
204817381166560000
204816742147560000
204799238511660000
204798792107700000
204802850956640000
204816643631740000
204807060045560000
204803990767160000
204804583195810000
204817848743360000
204809940391570000
204817552491290000
204816827870740000
204807835211680000
204798244197380000
204806112250300000
204798288707330000
204816439469810000
204810548162990000
204810484870940000
204802865829650000
204805758678870000
204806000451140000
204817848432990000
204809371123850000
204803084864590000
204798358672520000
204803033777980000
204816704344310000
204803570300750000
204809935433900000
204817815146990000
204815244583900000
204817385574760000
204799130600620000
204810226170470000
204809040721750000
204815795279230000
204804802658580000
204817480915490000
204803857618980000
204805058666310000
204805569582860000
204815409751400000
204817727213410000
204808591478240000
204817000600580000
204810262136620000
204808647627380000
204815803864990000
204817012512400000
204816829301000000
204803219837300000
204808880893610000
204799152901730000
204808664685610000
204810047316960000
204799237966410000
204810657546240000
204805463026580000
204817861825400000
204803729256490000
204816234691300000
204815811410530000
204808915010070000
204810318902330000
204817583457830000
204799188452640000
204817352829840000
204798282227130000
204815217014730000
204794668863590000
204803225965180000
204798301139250000
204805277239880000
204798436262940000
204809639035010000
204815280290010000
204805265424530000
204806943271950000
204817026403930000
204815770008560000
204816825299640000
204810059220390000
204817360916450000
204803104770760000
204808360527280000
204817187423260000
204803231010930000
204808626739740000
204798452725580000
204805943739960000
204810067965520000
204817335700300000
204809329721880000
204810241748110000
204804079313090000
204815788773880000
204806060782000000
204810554534130000
204809255155540000
204803938250260000
204810009379480000
204804931947990000
204798389001540000
204808311718160000
204807655703840000
204816737202480000
204798852849610000
204817044410080000
204816976068100000
204804140671580000
204815391988530000
204816478904660000
204805211758410000
204816344259110000
204817414137980000
204810601271260000
204798756598720000
204798286140420000
204804982019590000
204803269829200000
204803446346490000
204804029304420000
204807412169980000
204815274980020000
204803761036720000
204817532320880000
204816178550550000
204809438647950000
204810296915800000
204817781991020000
204805061250010000
204803238304820000
204807529212020000
204816050351640000
204810559026230000
204809450081630000
204817346689370000
204816044341220000
204803427774100000
204809477319440000
204798374308880000
204815405536130000
204809333496750000
204805740890820000
204810165717960000
204807089405700000
204806707346540000
204817791159760000
204807561868870000
204804153581640000
204806574361950000
204804689676610000
204809802449290000
204817080036500000
204817418730730000
204817537937060000
204817037783080000
204803713775320000
204807522639550000
204804491487350000
204803576361530000
204817342989990000
204816941867740000
204809196791810000
204803867811130000
204804241750100000
204809217171920000
204817800890550000
204816870103200000
204810392680150000
204810277919790000
204802883789650000
204803154049650000
204815534917810000
204807544940660000
204817490319130000
204809969198050000
204816054776630000
204809290203150000
204816397015060000
204805841914820000
204809915196390000
204805669734460000
204816788595280000
204804289229630000
204816895004770000
204808991069570000
204805601027560000
204816627093610000
